>>>>>>>>>> Phase 0 End <<<<<<<<<<
  Current Cycles: 19
  Current Simulated: 1 0 0 0 0 0 0 0 0 0 0 0 0 0 0 0 
>>>>>>>>>> Phase 1 End <<<<<<<<<<
  Current Cycles: 34100549
  Current Simulated: 3565302 3565302 3566533 3565274 3565302 3565274 3565274 3565302 3565274 3565644 3565302 3565302 3565302 3565302 3565302 3565821 
>>>>>>>>>> Phase 2 End <<<<<<<<<<
  Current Cycles: 125051131
  Current Simulated: 4194306 116 0 0 115 116 116 116 116 116 0 116 0 116 116 116 
>>>>>>>>>> Phase 3 End <<<<<<<<<<
  Current Cycles: 159328214
  Current Simulated: 3564755 3564755 3564755 3564755 3564755 3564755 3564755 3564755 3564755 3564755 3564755 3564755 3564755 3564755 3564755 3564755 
>>>>>>>>>> Phase 4 End <<<<<<<<<<
  Current Cycles: 159328218
  Current Simulated: 1 0 0 0 0 0 0 0 0 0 0 0 0 0 0 0 
>>>>>>>>>> Phase 5 End <<<<<<<<<<
  Current Cycles: 159328219
  Current Simulated: 0 0 0 0 0 0 0 0 0 0 0 0 0 0 0 0 
>>>>>>>>>> Phase 6 End <<<<<<<<<<
  Current Cycles: 159328220
  Current Simulated: 0 0 0 0 0 0 0 0 0 0 0 0 0 0 0 0 
Total Cycles: 159328220
[L1Caches]
Reads             6331177   4234137   4234894   4234004   4234136   4234118   4234118   4234137   4234118   4234374   4234023   4234137   4234023   4234137   4234137   4234515
Read Misses       1067507     18942     18980     18933     18941     18939     18939     18942     18939     18968     18936     18942     18936     18942     18941     18951
Writes            4993188   2896036   2896394   2896025   2896036   2896027   2896027   2896036   2896027   2896141   2896034   2896036   2896034   2896036   2896036   2896177
Writes Misses      131093        14        18        14        15        15        15        15        15        18        15        15        15        15        15        16
Invalidated             4        15        17        15        17        16        17        16        17        18        16        16        16        16        16        14
[L2Caches]
Reads             1067507     18942     18980     18933     18941     18939     18939     18942     18939     18968     18936     18942     18936     18942     18941     18951
Read Misses       1064397     16503     16530     16495     16503     16501     16501     16504     16501     16521     16498     16504     16498     16504     16503     16510
Writes            4993188   2896036   2896394   2896025   2896036   2896027   2896027   2896036   2896027   2896141   2896034   2896036   2896034   2896036   2896036   2896177
Writes Misses      131093        16        19        14        15        16        16        16        17        18        16        16        16        15        17        16
WritesBacks        131425        11        14        11        11        11        11        11        11        13        11        11        11        11        11        11
Invalidates       1047643       118       142       109       117       115       116       118       116       134       112       119       112       118       119       126
Invalidated          7861         9        10         6         8         9         9         9        10        10         8         9         8         8         9         6
Read                 8000     65777     65665     65700     65638     65687     65687     65626     65655     65638     65686     65598     65582     65575     65557     65568
Exclusived              1     65536     65536     65536     65536     65536     65536     65536     65536     65552     65536     65536     65536     65536     65536     65268
DirtyBlocks          8197      8197      8197      8197      8197      8197      8197      8197      8197      8197      8197      8197      8197      8197      8197      8198
[Dir  0  ]
MemReads       19981
MemWrites      16432
MemFootPrint   16409
req.s from L2       74700      1037      1037      1036      1037      1037      1037      1037      1037      1037      1036      1037      1036      1037      1037      1484
WB.s  from L2        8258         1         1         1         1         1         1         1         1         1         1         1         1         1         1         1
inv.s from L2       65412         9         9         8         9         9         9         9         9         9         8         9         8         9         9         9
inv.s   to L2         449         2         2         2         2         2         2         2         2         2         2         2         2         2         2         2
read.s  to L2         450      4204      4098      4101      4099      4102      4098      4098      4098      4098      4098      4098      4099      4099      4098      4092
exclu.s to L2           0      4096      4096      4096      4096      4096      4096      4096      4096      4096      4096      4096      4096      4096      4096      4029
[Dir  1  ]
MemReads       19912
MemWrites      16400
MemFootPrint   16408
req.s from L2       74692      1029      1032      1029      1029      1030      1030      1029      1030      1032      1028      1029      1028      1029      1029      1542
WB.s  from L2        8193         1         1         1         1         1         1         1         1         1         1         1         1         1         1         1
inv.s from L2       65475         4         7         4         4         5         5         4         5         7         3         4         3         4         4         5
inv.s   to L2         512         0         0         0         0         0         0         0         0         0         0         0         0         0         0         0
read.s  to L2         556      4097      4097      4097      4098      4108      4096      4096      4096      4098      4096      4096      4096      4096      4096      4096
exclu.s to L2           0      4096      4096      4096      4096      4096      4096      4096      4096      4099      4096      4096      4096      4096      4096      4100
[Dir  2  ]
MemReads       19916
MemWrites      16400
MemFootPrint   16412
req.s from L2       74695      1034      1034      1029      1033      1032      1032      1034      1032      1037      1031      1034      1031      1034      1034      1546
WB.s  from L2        8193         1         1         1         1         1         1         1         1         1         1         1         1         1         1         1
inv.s from L2       65478         9         9         4         8         7         7         9         7        12         6         9         6         9         9         9
inv.s   to L2         512         0         0         0         0         0         0         0         0         0         0         0         0         0         0         0
read.s  to L2         517      4131      4097      4144      4098      4096      4117      4096      4096      4098      4096      4096      4096      4096      4096      4096
exclu.s to L2           0      4096      4096      4096      4096      4096      4096      4096      4096      4099      4096      4096      4096      4096      4096      4102
[Dir  3  ]
MemReads       19911
MemWrites      16395
MemFootPrint   16407
req.s from L2       74694      1032      1031      1030      1032      1032      1032      1032      1032      1033      1030      1032      1030      1032      1032      1544
WB.s  from L2        8193         0         0         0         0         0         0         0         0         0         0         0         0         0         0         0
inv.s from L2       65477         8         7         6         7         7         8         7         8         8         6         8         6         7         8         7
inv.s   to L2         512         2         0         0         1         1         2         1         2         1         0         2         0         1         2         0
read.s  to L2         517      4104      4159      4098      4097      4096      4097      4097      4097      4097      4096      4098      4096      4096      4097      4096
exclu.s to L2           0      4096      4096      4096      4096      4096      4096      4096      4096      4097      4096      4096      4096      4096      4096      4101
[Dir  4  ]
MemReads       19913
MemWrites      16400
MemFootPrint   16409
req.s from L2       74698      1033      1034      1033      1033      1033      1033      1033      1033      1033      1033      1033      1033      1033      1033      1545
WB.s  from L2        8193         1         1         1         1         1         1         1         1         1         1         1         1         1         1         1
inv.s from L2       65480         8         9         8         8         8         8         8         8         8         8         8         8         8         8         8
inv.s   to L2         512         0         0         0         0         0         0         0         0         0         0         0         0         0         0         0
read.s  to L2         548      4098      4096      4097      4096      4178      4096      4096      4096      4096      4096      4096      4096      4096      4096      4096
exclu.s to L2           0      4096      4096      4096      4096      4096      4096      4096      4096      4096      4096      4096      4096      4096      4096      4103
[Dir  5  ]
MemReads       19908
MemWrites      16406
MemFootPrint   16404
req.s from L2       74693      1030      1036      1029      1030      1029      1029      1030      1029      1032      1030      1030      1030      1030      1030      1544
WB.s  from L2        8193         0         1         0         0         0         0         0         0         0         0         0         0         0         0         0
inv.s from L2       65475         4         4         3         4         3         3         4         3         4         4         4         4         4         4         4
inv.s   to L2         513         1         4         1         1         2         1         2         2         2         2         1         2         1         2         2
read.s  to L2         516      4105      4099      4096      4127      4097      4097      4098      4097      4098      4098      4096      4097      4097      4097      4098
exclu.s to L2           0      4096      4096      4096      4096      4096      4096      4096      4096      4096      4096      4096      4096      4096      4096      4099
[Dir  6  ]
MemReads       19910
MemWrites      16385
MemFootPrint   16406
req.s from L2       74694      1028      1031      1029      1028      1029      1029      1028      1029      1028      1028      1028      1028      1028      1028      1541
WB.s  from L2        8193         0         0         0         0         0         0         0         0         0         0         0         0         0         0         0
inv.s from L2       65475         4         7         5         4         5         5         4         5         4         4         4         4         4         4         5
inv.s   to L2         512         0         0         0         0         0         0         0         0         0         0         0         0         0         0         0
read.s  to L2         512      4099      4103      4100      4096      4101      4096      4128      4096      4096      4096      4096      4096      4096      4096      4096
exclu.s to L2           0      4096      4096      4096      4096      4096      4096      4096      4096      4096      4096      4096      4096      4096      4096      4099
[Dir  7  ]
MemReads       19908
MemWrites      16385
MemFootPrint   16404
req.s from L2       74695      1030      1030      1030      1030      1030      1030      1030      1030      1030      1030      1030      1030      1030      1030      1542
WB.s  from L2        8193         0         0         0         0         0         0         0         0         0         0         0         0         0         0         0
inv.s from L2       65476         6         6         6         6         6         6         6         6         6         6         6         6         6         6         6
inv.s   to L2         512         0         0         0         0         0         0         0         0         0         0         0         0         0         0         0
read.s  to L2         512      4101      4105      4111      4096      4096      4137      4096      4096      4096      4096      4103      4096      4096      4096      4096
exclu.s to L2           0      4096      4096      4096      4096      4096      4096      4096      4096      4096      4096      4096      4096      4096      4096      4098
[Dir  8  ]
MemReads       19915
MemWrites      16385
MemFootPrint   16405
req.s from L2       74694      1029      1030      1029      1029      1029      1029      1029      1029      1030      1029      1029      1029      1029      1029      1535
WB.s  from L2        8199         0         0         0         0         0         0         0         0         0         0         0         0         0         0         0
inv.s from L2       65470         5         6         5         5         5         5         5         5         6         5         5         5         5         5         5
inv.s   to L2         506         0         0         0         0         0         0         0         0         0         0         0         0         0         0         0
read.s  to L2         515      4099      4096      4097      4115      4096      4096      4096      4096      4125      4096      4096      4096      4096      4096      4096
exclu.s to L2           0      4096      4096      4096      4096      4096      4096      4096      4096      4097      4096      4096      4096      4096      4096      4094
[Dir  9  ]
MemReads       19938
MemWrites      16387
MemFootPrint   16395
req.s from L2       74712      1032      1034      1030      1032      1030      1030      1032      1030      1034      1032      1032      1032      1032      1032      1530
WB.s  from L2        8207         0         1         0         0         0         0         0         0         1         0         0         0         0         0         0
inv.s from L2       65477         8         9         6         8         6         6         8         6         9         8         8         8         8         8         8
inv.s   to L2         498         0         0         0         0         0         0         0         0         0         0         0         0         0         0         0
read.s  to L2         502      4112      4097      4097      4106      4111      4096      4096      4150      4096      4102      4096      4096      4105      4096      4096
exclu.s to L2           0      4096      4096      4096      4096      4096      4096      4096      4096      4097      4096      4096      4096      4096      4096      4086
[Dir 10  ]
MemReads       19978
MemWrites      16387
MemFootPrint   16411
req.s from L2       74727      1032      1035      1032      1032      1032      1032      1032      1032      1034      1032      1032      1032      1032      1032      1522
WB.s  from L2        8215         0         1         0         0         0         0         0         0         1         0         0         0         0         0         0
inv.s from L2       65485         8        10         8         8         8         8         8         8         9         8         8         8         8         8         8
inv.s   to L2         490         0         0         0         0         0         0         0         0         0         0         0         0         0         0         0
read.s  to L2         492      4104      4110      4103      4096      4099      4118      4097      4096      4109      4096      4134      4096      4096      4096      4096
exclu.s to L2           0      4096      4096      4096      4096      4096      4096      4096      4096      4097      4096      4096      4096      4096      4096      4079
[Dir 11  ]
MemReads       20005
MemWrites      16401
MemFootPrint   16427
req.s from L2       74748      1037      1041      1037      1038      1037      1037      1038      1037      1040      1038      1038      1038      1038      1038      1520
WB.s  from L2        8223         1         1         1         1         1         1         1         1         1         1         1         1         1         1         1
inv.s from L2       65496        12        16        12        13        12        12        13        12        15        13        13        13        13        13        13
inv.s   to L2         482         0         0         0         0         0         0         0         0         0         0         0         0         0         0         0
read.s  to L2         487      4109      4105      4132      4096      4096      4106      4132      4096      4097      4168      4096      4096      4096      4096      4096
exclu.s to L2           1      4096      4096      4096      4096      4096      4096      4096      4096      4098      4096      4096      4096      4096      4096      4071
[Dir 12  ]
MemReads       20026
MemWrites      16427
MemFootPrint   16423
req.s from L2       74760      1036      1037      1035      1036      1035      1035      1036      1035      1036      1036      1036      1036      1036      1036      1510
WB.s  from L2        8230         2         2         2         2         2         2         2         2         2         2         2         2         2         2         2
inv.s from L2       65501         8         9         8         8         8         8         8         8         8         8         8         8         8         8         9
inv.s   to L2         475         2         2         1         2         1         1         2         1         2         2         2         2         2         2         1
read.s  to L2         495      4099      4096      4097      4121      4100      4096      4096      4141      4108      4096      4096      4096      4120      4096      4098
exclu.s to L2           0      4096      4096      4096      4096      4096      4096      4096      4096      4096      4096      4096      4096      4096      4096      4064
[Dir 13  ]
MemReads       20040
MemWrites      16421
MemFootPrint   16425
req.s from L2       74763      1036      1040      1035      1036      1035      1035      1036      1035      1038      1036      1036      1036      1036      1036      1503
WB.s  from L2        8239         2         2         2         2         2         2         2         2         2         2         2         2         2         2         2
inv.s from L2       65496         9        12         7         9         7         7         9         7        11         9         9         9         9         9        10
inv.s   to L2         467         1         1         1         1         2         2         1         2         1         1         1         1         1         1         1
read.s  to L2         469      4112      4098      4098      4105      4112      4096      4096      4112      4123      4096      4096      4138      4096      4101      4105
exclu.s to L2           0      4096      4096      4096      4096      4096      4096      4096      4096      4098      4096      4096      4096      4096      4096      4055
[Dir 14  ]
MemReads       20036
MemWrites      16404
MemFootPrint   16414
req.s from L2       74771      1038      1041      1038      1038      1038      1038      1038      1038      1040      1038      1038      1038      1038      1037      1496
WB.s  from L2        8248         1         1         1         1         1         1         1         1         1         1         1         1         1         1         1
inv.s from L2       65493        12        14        12        12        12        12        12        12        13        12        12        12        12        12        13
inv.s   to L2         459         1         1         1         1         1         1         1         1         2         1         1         1         1         0         0
read.s  to L2         461      4105      4111      4117      4096      4103      4137      4100      4096      4107      4160      4096      4096      4098      4096      4119
exclu.s to L2           0      4096      4096      4096      4096      4096      4096      4096      4096      4097      4096      4096      4096      4096      4096      4049
[Dir 15  ]
MemReads       20037
MemWrites      16400
MemFootPrint   16407
req.s from L2       74757      1029      1033      1032      1029      1032      1032      1029      1032      1030      1029      1029      1029      1029      1029      1482
WB.s  from L2        8255         1         1         1         1         1         1         1         1         1         1         1         1         1         1         1
inv.s from L2       65477         4         8         7         4         7         7         4         7         5         4         4         4         4         4         7
inv.s   to L2         450         0         0         0         0         0         0         0         0         0         0         0         0         0         0         0
read.s  to L2         451      4098      4098      4115      4096      4096      4108      4108      4096      4096      4100      4109      4096      4096      4108      4096
exclu.s to L2           0      4096      4096      4096      4096      4096      4096      4096      4096      4097      4096      4096      4096      4096      4096      4039
