>>>>>>>>>> MPI Collective (16)<<<<<<<<<<
  p0 (24579,24579,484,154680,163860,0,347959)
  p1 (24579,24576,487,154980,163840,0,348269)
  p2 (24579,24576,487,154980,163840,0,348269)
  p3 (24579,24576,487,154980,163840,0,348269)
  p4 (24579,24576,486,154830,163840,0,348109)
  p5 (24579,24576,487,154980,163840,0,348269)
  p6 (24579,24576,486,154830,163840,0,348109)
  p7 (24579,24576,487,154980,163840,0,348269)
  p8 (24579,24576,486,154830,163840,0,348109)
  p9 (24579,24576,487,154980,163840,0,348269)
  p10 (24579,24576,487,154980,163840,0,348269)
  p11 (24579,24576,487,154980,163840,0,348269)
  p12 (24579,24576,486,154830,163840,0,348109)
  p13 (24579,24576,487,154980,163840,0,348269)
  p14 (24579,24576,487,154980,163840,0,348269)
  p15 (24579,24576,487,154980,163840,0,348269)
  MP Cycles: 348269
>>>>>>>>>> Phase 0 End <<<<<<<<<<
  Current Cycles: 32363624
  Current Simulated: 7654513 7654513 7654513 7654513 7654513 7654513 7654513 7654513 7654513 7654513 7654513 7654513 7654513 7654513 7654513 7654513 
>>>>>>>>>> Phase 1 End <<<<<<<<<<
  Current Cycles: 32363625
  Current Simulated: 0 0 0 0 0 0 0 0 0 0 0 0 0 0 0 0 
>>>>>>>>>> Phase 2 End <<<<<<<<<<
  Current Cycles: 32363626
  Current Simulated: 0 0 0 0 0 0 0 0 0 0 0 0 0 0 0 0 
Total Cycles: 32363626
[L1Caches]
Reads             4496270   4496270   4496270   4496270   4496270   4496270   4496270   4496270   4496270   4496270   4496270   4496270   4496270   4496270   4496270   4496270
Read Misses         37627     35518     35366     36672     36700     35551     35518     35550     36676     35340     36667     36699     36699     36699     35357     35518
Writes            3158242   3158242   3158242   3158242   3158242   3158242   3158242   3158242   3158242   3158242   3158242   3158242   3158242   3158242   3158242   3158242
Writes Misses       73749     73748     73750     73753     73751     73748     73749     73748     73752     73750     73748     73748     73749     73748     73750     73750
WritesBacks         90262     89812     89818     90194     90189     89807     89813     89806     90203     89819     90187     90188     90194     90193     89809     89807
DirtyBlocks           486       485       485       490       490       489       485       489       485       485       490       490       485       485       485       489
MP Flushed             27        24        24        24        24        24        24        24        24        24        24        24        24        24        24        24
MP Writebacks         484       487       487       487       486       487       486       487       486       487       487       487       486       487       487       487
[L2Caches]
Reads               37627     35518     35366     36672     36700     35551     35518     35550     36676     35340     36667     36699     36699     36699     35357     35518
Read Misses          8283      8282      8282      8282      8282      8282      8282      8282      8282      8282      8282      8282      8282      8282      8282      8282
Writes              90262     89812     89818     90194     90189     89807     89813     89806     90203     89819     90187     90188     90194     90193     89809     89807
Writes Misses        8208      8207      8209      8209      8208      8208      8208      8207      8208      8209      8208      8208      8208      8207      8209      8209
WritesBacks             0         0         0         0         0         0         0         0         0         0         0         0         0         0         0         0
DirtyBlocks          8213      8211      8213      8213      8212      8212      8212      8211      8212      8213      8212      8212      8212      8211      8213      8213
MP Flushed           8193      8192      8192      8192      8192      8192      8192      8192      8192      8192      8192      8192      8192      8192      8192      8192
MP Writebacks           0         0         0         0         0         0         0         0         0         0         0         0         0         0         0         0
MP fromCache         7708      7706      7706      7706      7707      7706      7707      7706      7707      7706      7706      7706      7707      7706      7706      7706
MP fromMem            485       487       487       487       486       487       486       487       486       487       487       487       486       487       487       487
MP toCache           8193      8192      8192      8192      8192      8192      8192      8192      8192      8192      8192      8192      8192      8192      8192      8192
MP toMem                0         0         0         0         0         0         0         0         0         0         0         0         0         0         0         0
