>>>>>>>>>> Phase 0 End <<<<<<<<<<
  Current Cycles: 19
  Current Simulated: 1 0 0 0 0 0 0 0 0 0 0 0 0 0 0 0 
>>>>>>>>>> Phase 1 End <<<<<<<<<<
  Current Cycles: 34193620
  Current Simulated: 3565821 3566014 3565302 3565302 3565302 3565302 3565302 3565302 3565302 3565302 3565302 3565302 3565302 3565302 3565302 3565302 
>>>>>>>>>> Phase 2 End <<<<<<<<<<
  Current Cycles: 34193673
  Current Simulated: 3 0 0 0 0 0 0 0 0 0 0 0 0 0 0 0 
>>>>>>>>>> Phase 3 End <<<<<<<<<<
  Current Cycles: 118371323
  Current Simulated: 4089123 4089123 4089123 4089123 4089123 4089123 4089123 4089123 4089123 4089123 4089123 4089123 4089123 4089123 4089123 4089123 
>>>>>>>>>> Phase 4 End <<<<<<<<<<
  Current Cycles: 118371331
  Current Simulated: 2 0 0 0 0 0 0 0 0 0 0 0 0 0 0 0 
>>>>>>>>>> Phase 5 End <<<<<<<<<<
  Current Cycles: 118371332
  Current Simulated: 0 0 0 0 0 0 0 0 0 0 0 0 0 0 0 0 
>>>>>>>>>> Phase 6 End <<<<<<<<<<
  Current Cycles: 118371333
  Current Simulated: 0 0 0 0 0 0 0 0 0 0 0 0 0 0 0 0 
Total Cycles: 118371333
[L1Caches]
Reads             4496621   4496733   4496240   4496240   4496240   4496240   4496240   4496240   4496240   4496240   4496240   4496240   4496240   4496240   4496240   4496240
Read Misses         77897     76476     78592     76580     78789     76578     78562     76234     78502     76643     78763     76385     78545     76696     78835     75943
Writes            3158329   3158404   3158185   3158185   3158185   3158185   3158185   3158185   3158185   3158185   3158185   3158185   3158185   3158185   3158185   3158185
Writes Misses       65814     65868     65936     65869     65912     65865     65923     65882     65945     65881     65918     65892     65940     65888     65945     65823
Invalidated          1066      1643      1679      1819      1866      1841      1643      1516      1608      1924      1822      1621      1650      1984      1914      1157
[L2Caches]
Reads               77897     76476     78592     76580     78789     76578     78562     76234     78502     76643     78763     76385     78545     76696     78835     75943
Read Misses         74116     74742     75194     75353     75382     75353     75106     74957     75047     75374     75362     75164     75149     75472     75444     74719
Writes            3158329   3158404   3158185   3158185   3158185   3158185   3158185   3158185   3158185   3158185   3158185   3158185   3158185   3158185   3158185   3158185
Writes Misses       65824     65871     65881     65886     65876     65884     65863     65880     65883     65885     65870     65898     65884     65898     65914     65832
WritesBacks         65041     65046     65042     65046     65040     65040     64984     64976     65038     65035     65043     65047     65040     65046     65096     65043
Invalidates         65096     65178     65630     65650     65610     65612     65606     65604     65546     65565     65637     65672     65606     65604     65613     65617
Invalidated          8550      9124      9160      9307      9360      9339      9127      9006      9092      9414      9307      9103      9135      9474      9405      8645
Read                 8645      9197      9207      9291      9383      9309      9167      8892      9122      9328      9345      8938      9095      9365      9328      8582
Exclusived           7807      7807      7806      7807      7807      7807      7807      7811      7806      7813      7807      7807      7807      7807      7803      7804
DirtyBlocks          1160      1157      1160      1153      1161      1159      1160      1158      1161      1159      1158      1152      1161      1153      1150      1158
[Dir  0  ]
MemReads       65100
MemWrites      94460
MemFootPrint   8344
req.s from L2       14166      7148     15404      7476     15845      7504     15420      6832     15320      7646     15748      7023     15404      7766     15958      6204
WB.s  from L2        6094      1925      6094      1925      6093      1925      6094      1922      6099      1925      6093      1925      6093      1926      6094      1926
inv.s from L2        6089      2057      6161      2055      6155      2057      6161      2053      6154      2054      6154      2054      6154      2054      6154      2054
inv.s   to L2        1314      1824      1921      2006      2122      2039      1889      1706      1854      2114      2070      1802      1898      2173      2168      1345
read.s  to L2        1251      1794      1796      1871      2028      1874      1803      1526      1777      1965      1959      1606      1821      2038      2054      1241
exclu.s to L2         575       512       574       512       575       512       575       516       574       518       575       512       575       512       571       509
[Dir  1  ]
MemReads       66103
MemWrites      72840
MemFootPrint   8343
req.s from L2       16870       528     16933       524     16933       524     16925       524     16924       524     16933       524     16933       524     16933       524
WB.s  from L2        8146         0      8146         0      8146         0      8138         0      8145         0      8146         0      8146         0      8147         0
inv.s from L2        8137         0      8202         0      8200         0      8200         0      8192         0      8200         0      8200         0      8200         0
inv.s   to L2         448       512       448       512       448       512       448       512       448       512       448       512       448       512       448       512
read.s  to L2         494       512       448       512       448       512       448       512       448       512       448       512       448       512       448       512
exclu.s to L2         448       512       448       512       448       512       448       512       448       512       448       512       448       512       448       512
[Dir  2  ]
MemReads       66105
MemWrites      72849
MemFootPrint   8345
req.s from L2       16872       530     16936       527     16936       527     16927       527     16927       527     16936       527     16936       527     16945       527
WB.s  from L2        8146         0      8146         0      8146         0      8138         0      8145         0      8146         0      8146         0      8156         0
inv.s from L2        8136         0      8202         0      8202         0      8199         0      8192         0      8202         0      8200         0      8200         0
inv.s   to L2         448       512       448       512       448       512       448       512       448       512       448       512       448       512       448       512
read.s  to L2         454       524       448       584       448       512       448       512       448       512       448       512       448       512       448       512
exclu.s to L2         448       512       448       512       448       512       448       512       448       512       448       512       448       512       448       512
[Dir  3  ]
MemReads       66102
MemWrites      72840
MemFootPrint   8342
req.s from L2       16871       527     16935       526     16935       526     16926       526     16926       526     16935       526     16935       526     16935       526
WB.s  from L2        8146         0      8146         0      8146         0      8138         0      8145         0      8146         0      8146         0      8147         0
inv.s from L2        8137         0      8202         0      8201         0      8199         0      8192         0      8200         0      8201         0      8200         0
inv.s   to L2         448       512       448       512       448       512       448       512       448       512       448       512       448       512       448       512
read.s  to L2         453       517       513       512       448       512       448       512       448       512       448       512       448       512       448       512
exclu.s to L2         448       512       448       512       448       512       448       512       448       512       448       512       448       512       448       512
[Dir  4  ]
MemReads       66105
MemWrites      72850
MemFootPrint   8345
req.s from L2       16874       530     16938       529     16938       529     16929       529     16929       529     16938       529     16938       529     16956       529
WB.s  from L2        8146         0      8146         0      8146         0      8138         0      8145         0      8146         0      8146         0      8157         0
inv.s from L2        8137         0      8202         0      8201         0      8200         0      8192         0      8201         0      8201         0      8209         0
inv.s   to L2         448       512       448       512       448       512       448       512       448       512       448       512       448       512       448       512
read.s  to L2         483       514       450       512       448       602       448       512       448       512       448       512       448       512       448       512
exclu.s to L2         448       512       448       512       448       512       448       512       448       512       448       512       448       512       448       512
[Dir  5  ]
MemReads       66100
MemWrites      72869
MemFootPrint   8340
req.s from L2       16873       530     16937       528     16937       528     16928       528     16928       528     16946       528     16937       528     16946       528
WB.s  from L2        8146         0      8146         0      8146         0      8138         0      8145         0      8147         0      8146         0      8156         0
inv.s from L2        8136         0      8201         0      8200         0      8200         0      8192         0      8210         0      8200         0      8200         0
inv.s   to L2         450       514       451       514       451       514       451       514       451       514       450       515       450       515       450       515
read.s  to L2         455       528       450       512       514       512       450       512       449       514       448       513       449       514       448       513
exclu.s to L2         448       512       448       512       448       512       448       512       448       512       448       512       448       512       448       512
[Dir  6  ]
MemReads       66101
MemWrites      72850
MemFootPrint   8340
req.s from L2       16868       525     16932       523     16932       523     16923       523     16923       523     16941       523     16932       523     16941       523
WB.s  from L2        8146         0      8146         0      8146         0      8138         0      8145         0      8147         0      8146         0      8156         0
inv.s from L2        8137         0      8200         0      8200         0      8199         0      8192         0      8209         0      8200         0      8200         0
inv.s   to L2         448       512       448       512       448       512       448       512       448       512       448       512       448       512       448       512
read.s  to L2         449       513       459       512       448       512       448       538       448       512       448       512       448       512       448       512
exclu.s to L2         448       512       448       512       448       512       448       512       448       512       448       512       448       512       448       512
[Dir  7  ]
MemReads       66100
MemWrites      72851
MemFootPrint   8340
req.s from L2       16870       525     16943       525     16934       525     16925       525     16925       525     16943       525     16934       525     16943       525
WB.s  from L2        8146         0      8147         0      8146         0      8138         0      8145         0      8147         0      8146         0      8156         0
inv.s from L2        8137         0      8210         0      8200         0      8199         0      8192         0      8209         0      8200         0      8200         0
inv.s   to L2         448       512       448       512       448       512       448       512       448       512       448       512       448       512       448       512
read.s  to L2         450       514       452       526       448       512       504       512       448       512       448       512       448       512       448       512
exclu.s to L2         448       512       448       512       448       512       448       512       448       512       448       512       448       512       448       512
[Dir  8  ]
MemReads       65086
MemWrites      72835
MemFootPrint   8340
req.s from L2        4626     12767      4626     12830      4626     12830      4624     12823      4623     12824      4626     12830      4626     12830      4627     12831
WB.s  from L2        1925      6093      1925      6093      1925      6093      1924      6087      1924      6093      1925      6093      1925      6093      1927      6094
inv.s from L2        2050      6086      2050      6150      2051      6151      2049      6149      2048      6144      2052      6152      2050      6150      2050      6150
inv.s   to L2         512       575       512       575       512       575       512       575       512       575       512       575       512       575       512       575
read.s  to L2         524       575       512       575       527       575       512       575       512       593       512       575       512       575       512       575
exclu.s to L2         512       575       512       575       512       575       512       575       512       575       512       575       512       575       512       575
[Dir  9  ]
MemReads       66109
MemWrites      72841
MemFootPrint   8331
req.s from L2         529     16879       528     16946       528     16937       528     16928       528     16928       528     16946       528     16937       528     16937
WB.s  from L2           0      8146         0      8147         0      8146         0      8138         0      8145         0      8147         0      8146         0      8146
inv.s from L2           0      8142         0      8210         0      8200         0      8199         0      8193         0      8209         0      8200         0      8202
inv.s   to L2         512       448       512       448       512       448       512       448       512       448       512       448       512       448       512       448
read.s  to L2         518       468       516       448       520       474       512       448       586       448       512       448       512       448       512       448
exclu.s to L2         512       448       512       448       512       448       512       448       512       448       512       448       512       448       512       448
[Dir 10  ]
MemReads       66121
MemWrites      72841
MemFootPrint   8345
req.s from L2         527     16877       527     16936       527     16936       527     16927       527     16927       527     16954       527     16936       527     16936
WB.s  from L2           0      8146         0      8146         0      8146         0      8138         0      8145         0      8148         0      8146         0      8146
inv.s from L2           0      8139         0      8201         0      8200         0      8199         0      8194         0      8219         0      8200         0      8200
inv.s   to L2         512       448       512       448       512       448       512       448       512       448       512       448       512       448       512       448
read.s  to L2         516       453       537       448       512       448       532       448       512       460       512       472       512       448       530       448
exclu.s to L2         512       448       512       448       512       448       512       448       512       448       512       448       512       448       512       448
[Dir 11  ]
MemReads       66125
MemWrites      72844
MemFootPrint   8363
req.s from L2         530     16881       531     16949       531     16940       531     16940       531     16931       531     16958       531     16940       531     16940
WB.s  from L2           0      8146         0      8147         0      8146         0      8139         0      8145         0      8148         0      8147         0      8146
inv.s from L2           0      8139         0      8212         0      8200         0      8208         0      8193         0      8220         0      8200         0      8200
inv.s   to L2         512       448       512       448       512       448       512       448       512       448       512       448       512       448       512       448
read.s  to L2         517       454       521       478       512       448       521       479       512       448       593       448       512       448       512       448
exclu.s to L2         512       448       512       448       512       448       512       448       512       448       512       448       512       448       512       448
[Dir 12  ]
MemReads       66121
MemWrites      72843
MemFootPrint   8359
req.s from L2         529     16894       528     16937       528     16937       528     16928       528     16928       528     16937       528     16937       528     16937
WB.s  from L2           0      8148         0      8147         0      8146         0      8138         0      8145         0      8146         0      8147         0      8146
inv.s from L2           0      8157         0      8201         0      8200         0      8199         0      8193         0      8200         0      8200         0      8201
inv.s   to L2         512       448       512       448       512       448       512       448       512       448       512       448       512       448       512       448
read.s  to L2         529       454       512       448       538       448       512       448       542       448       512       448       512       478       512       448
exclu.s to L2         512       448       512       448       512       448       512       448       512       448       512       448       512       448       512       448
[Dir 13  ]
MemReads       66124
MemWrites      72859
MemFootPrint   8362
req.s from L2         532     16889       531     16940       531     16940       531     16931       531     16931       531     16949       531     16940       531     16939
WB.s  from L2           0      8147         0      8147         0      8146         0      8138         0      8145         0      8147         0      8147         0      8146
inv.s from L2           0      8149         0      8201         0      8201         0      8199         0      8193         0      8209         0      8200         0      8200
inv.s   to L2         513       450       514       450       514       450       514       450       514       450       514       450       514       450       514       449
read.s  to L2         517       467       514       448       519       471       512       448       520       472       512       448       553       448       512       457
exclu.s to L2         512       448       512       448       512       448       512       448       512       448       512       448       512       448       512       448
[Dir 14  ]
MemReads       66124
MemWrites      72848
MemFootPrint   8350
req.s from L2         536     16904       533     16951       533     16942       533     16933       533     16942       533     16951       533     16942       533     16951
WB.s  from L2           0      8148         0      8147         0      8146         0      8138         0      8146         0      8147         0      8147         0      8147
inv.s from L2           0      8162         0      8210         0      8202         0      8199         0      8201         0      8209         0      8200         0      8210
inv.s   to L2         513       449       513       449       513       449       513       449       513       449       513       449       513       449       513       449
read.s  to L2         520       457       563       448       512       448       553       448       512       460       581       448       512       448       512       484
exclu.s to L2         512       448       512       448       512       448       512       448       512       448       512       448       512       448       512       448
[Dir 15  ]
MemReads       66114
MemWrites      72844
MemFootPrint   8344
req.s from L2         528     16884       526     16944       525     16934       525     16925       525     16934       525     16934       525     16934       525     16934
WB.s  from L2           0      8147         0      8147         0      8146         0      8138         0      8146         0      8146         0      8147         0      8146
inv.s from L2           0      8147         0      8210         0      8201         0      8199         0      8200         0      8200         0      8200         0      8200
inv.s   to L2         512       448       513       449       512       448       512       448       512       448       512       448       512       448       512       448
read.s  to L2         515       453       516       457       513       449       516       462       512       448       516       460       512       448       536       448
exclu.s to L2         512       448       512       448       512       448       512       448       512       448       512       448       512       448       512       448
