>>>>>>>>>> Phase 0 End <<<<<<<<<<
  Current Cycles: 19
  Current Simulated: 1 0 0 0 0 0 0 0 0 0 0 0 0 0 0 0 
>>>>>>>>>> Phase 1 End <<<<<<<<<<
  Current Cycles: 34270537
  Current Simulated: 3565821 3566014 3565302 3565302 3565302 3565302 3565302 3565302 3565302 3565302 3565302 3565302 3565302 3565302 3565302 3565302 
>>>>>>>>>> Phase 2 End <<<<<<<<<<
  Current Cycles: 34270590
  Current Simulated: 3 0 0 0 0 0 0 0 0 0 0 0 0 0 0 0 
>>>>>>>>>> Phase 3 End <<<<<<<<<<
  Current Cycles: 121729652
  Current Simulated: 4089123 4089123 4089123 4089123 4089123 4089123 4089123 4089123 4089123 4089123 4089123 4089123 4089123 4089123 4089123 4089123 
>>>>>>>>>> Phase 4 End <<<<<<<<<<
  Current Cycles: 121729660
  Current Simulated: 2 0 0 0 0 0 0 0 0 0 0 0 0 0 0 0 
>>>>>>>>>> Phase 5 End <<<<<<<<<<
  Current Cycles: 121729661
  Current Simulated: 0 0 0 0 0 0 0 0 0 0 0 0 0 0 0 0 
>>>>>>>>>> Phase 6 End <<<<<<<<<<
  Current Cycles: 121729662
  Current Simulated: 0 0 0 0 0 0 0 0 0 0 0 0 0 0 0 0 
Total Cycles: 121729662
[L1Caches]
Reads             4496621   4496733   4496240   4496240   4496240   4496240   4496240   4496240   4496240   4496240   4496240   4496240   4496240   4496240   4496240   4496240
Read Misses         77925     76589     78657     76532     78670     76614     78947     76670     78755     76611     78995     76638     78663     76666     78862     75975
Writes            3158329   3158404   3158185   3158185   3158185   3158185   3158185   3158185   3158185   3158185   3158185   3158185   3158185   3158185   3158185   3158185
Writes Misses       65815     65849     65930     65859     65941     65833     65897     65853     65921     65839     65925     65845     65905     65843     65971     65793
Invalidated          1095      1736      1740      1759      1778      1843      2004      1921      1838      1848      2063      1825      1735      1907      1969      1158
[L2Caches]
Reads               77925     76589     78657     76532     78670     76614     78947     76670     78755     76611     78995     76638     78663     76666     78862     75975
Read Misses         74660     75350     75263     75310     75276     75396     75555     75421     75330     75392     75595     75418     75268     75450     75476     74757
Writes            3158329   3158404   3158185   3158185   3158185   3158185   3158185   3158185   3158185   3158185   3158185   3158185   3158185   3158185   3158185   3158185
Writes Misses       65822     65859     65879     65870     65887     65844     65844     65869     65885     65860     65884     65860     65859     65854     65942     65802
WritesBacks         69897     69906     69905     69904     69909     69909     69909     69879     69913     69908     69908     69909     69908     69909     69956     69910
Invalidates         65731     65808     65739     65760     65719     65722     65726     65725     65690     65720     65746     65782     65720     65719     65728     65726
Invalidated          4443      5088      5086      5108      5122      5195      5351      5273      5199      5209      5415      5179      5086      5261      5329      4510
Read                 4552      5264      5188      5162      5129      5336      5396      5272      5248      5234      5444      5107      5104      5253      5327      4568
Exclusived           3731      3735      3725      3727      3720      3720      3721      3722      3717      3725      3723      3726      3721      3719      3727      3781
DirtyBlocks           381       378       381       380       382       384       382       381       382       384       379       377       382       384       373       382
[Dir  0  ]
MemReads       69882
MemWrites      96085
MemFootPrint   8344
req.s from L2       14169      7293     15463      7331     15465      7568     15999      7644     15658      7601     16045      7420     15496      7664     15903      6204
WB.s  from L2        6418      2283      6419      2284      6421      2285      6421      2287      6428      2285      6421      2286      6420      2286      6421      2287
inv.s from L2        6167      2074      6176      2069      6167      2071      6174      2068      6162      2068      6167      2067      6168      2067      6167      2064
inv.s   to L2         969      1610      1612      1629      1650      1724      1879      1801      1727      1738      1940      1700      1615      1789      1851      1036
read.s  to L2         896      1662      1513      1536      1512      1695      1751      1700      1606      1683      1777      1580      1549      1699      1721       976
exclu.s to L2         253       252       251       250       250       250       251       252       247       254       249       249       251       249       250       245
[Dir  1  ]
MemReads       70136
MemWrites      73630
MemFootPrint   8343
req.s from L2       16934       528     16933       524     16933       524     16933       524     16924       524     16933       524     16933       524     16933       524
WB.s  from L2        8474       265      8474       265      8474       265      8474       265      8473       265      8474       265      8474       265      8474       265
inv.s from L2        8204         7      8203         3      8203         3      8203         3      8195         3      8203         3      8203         3      8203         3
inv.s   to L2         216       248       217       248       217       248       217       248       217       248       217       248       217       248       217       248
read.s  to L2         262       248       217       248       217       248       217       248       217       248       217       248       217       248       217       248
exclu.s to L2         216       249       217       248       217       248       217       248       217       248       217       248       217       248       217       251
[Dir  2  ]
MemReads       70152
MemWrites      73640
MemFootPrint   8345
req.s from L2       16936       531     16937       528     16937       528     16937       528     16928       528     16937       528     16937       528     16946       528
WB.s  from L2        8474       266      8475       266      8475       266      8475       266      8474       266      8475       266      8475       266      8484       266
inv.s from L2        8206         9      8206         6      8206         6      8206         6      8198         6      8206         6      8206         6      8206         6
inv.s   to L2         216       247       216       247       216       247       216       247       216       247       216       247       216       247       217       247
read.s  to L2         222       259       216       319       216       247       216       247       216       247       216       247       216       247       217       247
exclu.s to L2         216       248       216       247       216       247       216       247       216       247       216       247       216       247       217       252
[Dir  3  ]
MemReads       70149
MemWrites      73616
MemFootPrint   8342
req.s from L2       16935       527     16935       526     16935       526     16935       526     16926       526     16935       526     16935       526     16935       526
WB.s  from L2        8474       265      8474       265      8474       265      8474       265      8473       265      8474       265      8474       265      8474       265
inv.s from L2        8205         6      8205         5      8205         5      8205         5      8197         5      8205         5      8205         5      8205         5
inv.s   to L2         216       247       216       247       216       247       216       247       216       247       216       247       216       247       217       247
read.s  to L2         221       252       281       247       216       247       216       247       216       247       216       247       216       247       217       247
exclu.s to L2         216       247       216       247       216       247       216       247       216       247       216       247       216       247       217       252
[Dir  4  ]
MemReads       70176
MemWrites      73642
MemFootPrint   8345
req.s from L2       16940       533     16941       532     16941       532     16941       532     16941       532     16941       532     16941       532     16959       532
WB.s  from L2        8475       267      8476       267      8476       267      8476       267      8476       267      8476       267      8476       267      8485       267
inv.s from L2        8209        10      8209         9      8209         9      8209         9      8209         9      8209         9      8209         9      8218         9
inv.s   to L2         215       246       215       246       215       246       215       246       215       246       215       246       215       246       217       246
read.s  to L2         259       248       217       246       215       356       215       246       215       246       215       246       217       246       217       246
exclu.s to L2         215       246       215       246       215       246       215       246       215       246       215       246       215       246       217       254
[Dir  5  ]
MemReads       70185
MemWrites      73647
MemFootPrint   8340
req.s from L2       16939       532     16939       530     16939       530     16939       530     16939       530     16948       530     16939       530     16948       530
WB.s  from L2        8474       268      8476       267      8476       267      8476       267      8476       267      8475       267      8476       267      8485       267
inv.s from L2        8205         5      8205         5      8205         5      8205         5      8205         5      8214         5      8205         5      8205         5
inv.s   to L2         218       247       217       247       217       247       217       247       217       247       218       248       216       248       217       248
read.s  to L2         225       266       217       245       302       245       216       245       215       247       216       246       215       247       215       246
exclu.s to L2         216       245       214       245       214       245       214       245       214       245       216       245       214       245       215       250
[Dir  6  ]
MemReads       70170
MemWrites      73627
MemFootPrint   8340
req.s from L2       16934       527     16934       525     16934       525     16934       525     16934       525     16943       525     16934       525     16943       525
WB.s  from L2        8474       266      8475       266      8475       266      8475       266      8475       266      8475       266      8475       266      8484       266
inv.s from L2        8204         5      8203         3      8203         3      8203         3      8203         3      8212         3      8203         3      8203         3
inv.s   to L2         216       246       215       246       215       246       215       246       215       246       216       246       215       246       216       246
read.s  to L2         217       248       237       246       215       246       215       291       215       246       216       246       215       246       217       246
exclu.s to L2         216       246       215       246       215       246       215       246       215       246       216       246       215       246       216       247
[Dir  7  ]
MemReads       70185
MemWrites      73629
MemFootPrint   8340
req.s from L2       16938       529     16947       529     16938       529     16938       529     16938       529     16947       529     16938       529     16947       529
WB.s  from L2        8476       267      8476       267      8476       267      8476       267      8476       267      8476       267      8476       267      8485       267
inv.s from L2        8206         6      8215         6      8206         6      8206         6      8206         6      8215         6      8206         6      8206         6
inv.s   to L2         215       245       215       245       214       245       214       245       214       245       215       245       214       245       215       245
read.s  to L2         218       248       223       271       214       245       309       245       214       245       215       250       214       245       215       246
exclu.s to L2         215       245       215       245       214       245       214       245       214       245       215       245       214       245       215       248
[Dir  8  ]
MemReads       69854
MemWrites      73627
MemFootPrint   8340
req.s from L2        4626     12832      4627     12831      4627     12831      4627     12831      4627     12831      4627     12831      4627     12831      4628     12832
WB.s  from L2        2278      6416      2281      6418      2283      6419      2283      6419      2283      6418      2283      6418      2283      6418      2285      6419
inv.s from L2        2061      6160      2059      6157      2057      6156      2057      6156      2057      6157      2057      6157      2057      6157      2057      6156
inv.s   to L2         248       247       247       247       247       247       247       247       247       247       247       247       247       247       247       248
read.s  to L2         268       253       253       251       266       250       251       250       251       269       251       251       251       251       251       251
exclu.s to L2         255       253       253       251       251       251       251       250       251       252       251       251       251       251       251       253
[Dir  9  ]
MemReads       70191
MemWrites      73620
MemFootPrint   8331
req.s from L2         534     16944       533     16951       533     16942       533     16942       533     16942       533     16951       533     16942       533     16942
WB.s  from L2         268      8476       267      8476       267      8476       267      8476       267      8476       267      8476       267      8476       267      8476
inv.s from L2          10      8212        10      8219        10      8210        10      8210        10      8210        10      8219        10      8210        10      8210
inv.s   to L2         245       215       245       215       245       214       245       214       245       214       245       215       245       214       245       214
read.s  to L2         252       238       249       215       254       249       245       214       360       214       245       215       245       236       247       214
exclu.s to L2         245       215       245       215       245       214       245       214       245       214       245       215       245       214       245       220
[Dir 10  ]
MemReads       70218
MemWrites      73620
MemFootPrint   8345
req.s from L2         527     16940       528     16937       528     16937       528     16937       528     16937       528     16955       528     16937       528     16937
WB.s  from L2         267      8477       267      8475       267      8476       267      8476       267      8476       267      8476       267      8476       267      8476
inv.s from L2           4      8207         5      8206         5      8205         5      8205         5      8205         5      8223         5      8205         5      8205
inv.s   to L2         246       214       245       215       245       214       245       214       245       214       245       216       245       214       245       214
read.s  to L2         250       219       270       215       245       214       265       214       245       226       245       240       245       214       263       214
exclu.s to L2         246       214       245       215       245       214       245       214       245       214       245       216       245       214       245       218
[Dir 11  ]
MemReads       70253
MemWrites      73636
MemFootPrint   8363
req.s from L2         534     16948       536     16954       536     16945       536     16954       536     16945       536     16963       536     16945       536     16945
WB.s  from L2         269      8479       270      8478       270      8479       270      8479       270      8479       270      8479       270      8479       270      8479
inv.s from L2           9      8213        10      8220        10      8210        10      8219        10      8210        10      8228        10      8210        10      8210
inv.s   to L2         244       212       243       214       243       212       243       213       243       212       243       214       243       212       243       212
read.s  to L2         251       220       259       256       243       212       256       256       243       212       344       214       243       212       243       216
exclu.s to L2         245       212       244       214       243       212       243       213       243       212       243       214       243       212       243       218
[Dir 12  ]
MemReads       70183
MemWrites      73641
MemFootPrint   8359
req.s from L2         534     16960       532     16941       532     16941       532     16933       532     16941       532     16941       532     16941       532     16941
WB.s  from L2         268      8477       268      8477       268      8477       268      8469       268      8477       268      8477       268      8477       268      8477
inv.s from L2          10      8227         8      8208         8      8208         8      8208         8      8208         8      8208         8      8208         8      8208
inv.s   to L2         245       217       246       215       246       215       246       215       246       215       246       215       246       215       246       215
read.s  to L2         262       223       246       215       272       215       246       215       294       215       246       215       246       275       262       215
exclu.s to L2         245       218       246       215       246       215       246       215       246       215       246       215       246       215       246       219
[Dir 13  ]
MemReads       70200
MemWrites      73658
MemFootPrint   8362
req.s from L2         537     16956       535     16944       535     16944       535     16935       535     16944       535     16953       535     16944       535     16944
WB.s  from L2         269      8478       269      8477       269      8478       269      8470       269      8478       269      8478       269      8478       269      8478
inv.s from L2          10      8220         8      8209         8      8208         8      8207         8      8208         8      8217         8      8208         8      8209
inv.s   to L2         246       217       247       217       247       216       247       216       247       216       247       217       247       216       247       215
read.s  to L2         251       237       247       215       253       240       245       214       253       250       245       215       327       214       257       216
exclu.s to L2         245       215       245       215       245       214       245       214       245       214       245       215       245       214       245       219
[Dir 14  ]
MemReads       70232
MemWrites      73632
MemFootPrint   8350
req.s from L2         542     16968       539     16957       539     16948       539     16939       539     16948       539     16957       539     16948       539     16957
WB.s  from L2         272      8480       271      8480       271      8480       271      8472       271      8480       271      8480       271      8480       271      8479
inv.s from L2          12      8230        11      8220        11      8211        11      8210        11      8211        11      8220        11      8211        11      8221
inv.s   to L2         243       214       243       213       243       212       243       212       243       212       243       213       243       212       243       214
read.s  to L2         250       222       293       212       242       211       283       211       242       224       330       212       242       211       242       325
exclu.s to L2         242       213       242       212       242       211       242       211       242       211       242       212       242       211       242       218
[Dir 15  ]
MemReads       70167
MemWrites      73626
MemFootPrint   8344
req.s from L2         532     16950       530     16948       529     16938       529     16929       529     16938       529     16938       529     16938       529     16938
WB.s  from L2         267      8476       267      8476       267      8476       267      8468       267      8476       267      8476       267      8476       267      8476
inv.s from L2           9      8217         6      8215         6      8206         6      8205         6      8206         6      8206         6      8206         6      8206
inv.s   to L2         245       216       247       217       246       215       246       215       246       215       246       215       246       215       246       215
read.s  to L2         248       221       250       225       247       216       250       229       246       215       250       235       246       215       326       215
exclu.s to L2         245       217       246       216       246       215       246       215       246       215       246       215       246       215       246       217
