>>>>>>>>>> Phase 0 End <<<<<<<<<<
  Current Cycles: 19
  Current Simulated: 1 0 0 0 0 0 0 0 0 0 0 0 0 0 0 0 
>>>>>>>>>> Phase 1 End <<<<<<<<<<
  Current Cycles: 34100549
  Current Simulated: 3565302 3565302 3566533 3565274 3565302 3565274 3565274 3565302 3565274 3565644 3565302 3565302 3565302 3565302 3565302 3565821 
>>>>>>>>>> Phase 2 End <<<<<<<<<<
  Current Cycles: 89352955
  Current Simulated: 4194306 116 0 0 115 116 116 116 116 116 0 116 0 116 116 116 
>>>>>>>>>> Phase 3 End <<<<<<<<<<
  Current Cycles: 121882589
  Current Simulated: 3564755 3564755 3564755 3564755 3564755 3564755 3564755 3564755 3564755 3564755 3564755 3564755 3564755 3564755 3564755 3564755 
>>>>>>>>>> Phase 4 End <<<<<<<<<<
  Current Cycles: 121882593
  Current Simulated: 1 0 0 0 0 0 0 0 0 0 0 0 0 0 0 0 
>>>>>>>>>> Phase 5 End <<<<<<<<<<
  Current Cycles: 121882594
  Current Simulated: 0 0 0 0 0 0 0 0 0 0 0 0 0 0 0 0 
>>>>>>>>>> Phase 6 End <<<<<<<<<<
  Current Cycles: 121882595
  Current Simulated: 0 0 0 0 0 0 0 0 0 0 0 0 0 0 0 0 
Total Cycles: 121882595
[L1Caches]
Reads             6331177   4234137   4234894   4234004   4234136   4234118   4234118   4234137   4234118   4234374   4234023   4234137   4234023   4234137   4234137   4234515
Read Misses       1067507     18932     18969     18922     18930     18928     18928     18931     18928     18957     18925     18931     18925     18931     18930     18940
Writes            4993188   2896036   2896394   2896025   2896036   2896027   2896027   2896036   2896027   2896141   2896034   2896036   2896034   2896036   2896036   2896177
Writes Misses      131093        14        18        14        15        15        15        15        15        18        15        15        15        15        15        16
Invalidated             4         5         6         4         6         5         6         5         6         7         5         5         5         5         5         3
[L2Caches]
Reads             1067507     18932     18969     18922     18930     18928     18928     18931     18928     18957     18925     18931     18925     18931     18930     18940
Read Misses        146374     16493     16519     16484     16492     16490     16490     16493     16490     16510     16487     16493     16487     16493     16492     16499
Writes            4993188   2896036   2896394   2896025   2896036   2896027   2896027   2896036   2896027   2896141   2896034   2896036   2896034   2896036   2896036   2896177
Writes Misses      131093        16        19        14        15        16        16        16        17        18        16        16        16        15        17        16
WritesBacks         74960         0         0         0         0         0         0         0         0         0         0         0         0         0         0         0
Invalidates         71431         0         0         0         0         0         0         0         0         0         0         0         0         0         0         0
Invalidated         64144         9        10         6         8         9         9         9        10        10         8         9         8         8         9         6
Read                64282      8739      8654      8683      8626      8675      8663      8607      8637      8631      8670      8593      8566      8562      8544      8566
Exclusived              0      7184      8210      7696      6644      5132      5642      6156      4615      3089      3602      4114      2575      1032      1549      2054
DirtyBlocks          8197      8208      8211      8208      8208      8208      8208      8208      8208      8210      8208      8208      8208      8208      8208      8209
[Dir  0  ]
MemReads       12997
MemWrites      16417
MemFootPrint   16409
req.s from L2       18263      1035      1098      1092      1158      1163      1222      1227      1285      1291      1348      1355      1413      1419      1478      1483
WB.s  from L2        5160         0         0         0         0         0         0         0         0         0         0         0         0         0         0         0
inv.s from L2        4909         0         0         0         0         0         0         0         0         0         0         0         0         0         0         0
inv.s   to L2        3547         2         2         2         2         2         2         2         2         2         2         2         2         2         2         2
read.s  to L2        3548       667       588       604       602       592       602       586       602       587       604       586       604       586       605       584
exclu.s to L2           0       459       524       531       465       330       403       392       339       201       277       265       213        72       150       134
[Dir  1  ]
MemReads       11995
MemWrites      16335
MemFootPrint   16408
req.s from L2       17195      1093      1160      1143      1208      1222      1273      1285      1336      1352      1398      1413      1463      1477      1528      1542
WB.s  from L2        4205         0         0         0         0         0         0         0         0         0         0         0         0         0         0         0
inv.s from L2        4798         0         0         0         0         0         0         0         0         0         0         0         0         0         0         0
inv.s   to L2        4450         0         0         0         0         0         0         0         0         0         0         0         0         0         0         0
read.s  to L2        4494       513       513       547       548       524       546       512       547       514       547       512       547       512       547       512
exclu.s to L2           0       448       512       534       468       320       405       384       341       192       278       256       214        64       149       128
[Dir  2  ]
MemReads       12071
MemWrites      16343
MemFootPrint   16412
req.s from L2       17214      1098      1162      1135      1204      1224      1267      1290      1330      1357      1393      1418      1458      1482      1525      1546
WB.s  from L2        4269         0         0         0         0         0         0         0         0         0         0         0         0         0         0         0
inv.s from L2        4753         0         0         0         0         0         0         0         0         0         0         0         0         0         0         0
inv.s   to L2        4394         0         0         0         0         0         0         0         0         0         0         0         0         0         0         0
read.s  to L2        4399       547       513       594       548       512       567       512       547       514       547       512       547       512       547       512
exclu.s to L2           0       448       512       526       460       320       397       384       333       192       270       256       206        64       141       128
[Dir  3  ]
MemReads       12138
MemWrites      16361
MemFootPrint   16407
req.s from L2       17229      1096      1159      1128      1195      1224      1259      1288      1322      1353      1384      1416      1449      1480      1515      1544
WB.s  from L2        4333         0         0         0         0         0         0         0         0         0         0         0         0         0         0         0
inv.s from L2        4704         0         0         0         0         0         0         0         0         0         0         0         0         0         0         0
inv.s   to L2        4338         2         0         0         1         1         2         1         2         1         0         2         0         1         2         0
read.s  to L2        4343       520       575       548       547       512       547       513       548       513       547       514       547       512       548       512
exclu.s to L2           0       448       512       518       452       320       389       384       325       192       262       256       198        64       133       128
[Dir  4  ]
MemReads       12212
MemWrites      16359
MemFootPrint   16409
req.s from L2       17249      1097      1162      1123      1188      1225      1252      1289      1315      1353      1379      1417      1444      1481      1508      1545
WB.s  from L2        4397         0         0         0         0         0         0         0         0         0         0         0         0         0         0         0
inv.s from L2        4660         0         0         0         0         0         0         0         0         0         0         0         0         0         0         0
inv.s   to L2        4282         0         0         0         0         0         0         0         0         0         0         0         0         0         0         0
read.s  to L2        4318       514       512       547       546       594       546       512       547       512       547       512       547       512       547       512
exclu.s to L2           0       448       512       510       444       320       381       385       317       192       254       256       190        64       125       128
[Dir  5  ]
MemReads       12279
MemWrites      16387
MemFootPrint   16404
req.s from L2       17260      1094      1164      1111      1177      1221      1240      1286      1303      1352      1368      1414      1433      1478      1497      1544
WB.s  from L2        4461         0         0         0         0         0         0         0         0         0         0         0         0         0         0         0
inv.s from L2        4606         0         0         0         0         0         0         0         0         0         0         0         0         0         0         0
inv.s   to L2        4227         1         4         1         1         2         1         2         2         2         2         1         2         1         2         2
read.s  to L2        4230       521       515       546       577       513       547       514       548       514       549       512       548       513       548       514
exclu.s to L2           0       448       512       502       436       320       373       384       309       192       246       256       182        64       117       128
[Dir  6  ]
MemReads       12353
MemWrites      16375
MemFootPrint   16406
req.s from L2       17277      1092      1159      1103      1167      1221      1232      1284      1295      1348      1358      1412      1423      1476      1487      1541
WB.s  from L2        4525         0         0         0         0         0         0         0         0         0         0         0         0         0         0         0
inv.s from L2        4560         0         0         0         0         0         0         0         0         0         0         0         0         0         0         0
inv.s   to L2        4170         0         0         0         0         0         0         0         0         0         0         0         0         0         0         0
read.s  to L2        4170       515       519       550       546       517       546       544       547       512       547       512       547       512       547       512
exclu.s to L2           0       448       512       494       429       320       365       384       301       192       238       257       174        64       109       128
[Dir  7  ]
MemReads       12423
MemWrites      16383
MemFootPrint   16404
req.s from L2       17294      1093      1157      1095      1160      1221      1224      1285      1287      1349      1351      1413      1416      1477      1480      1541
WB.s  from L2        4589         0         0         0         0         0         0         0         0         0         0         0         0         0         0         0
inv.s from L2        4513         0         0         0         0         0         0         0         0         0         0         0         0         0         0         0
inv.s   to L2        4114         0         0         0         0         0         0         0         0         0         0         0         0         0         0         0
read.s  to L2        4114       517       521       558       546       512       576       512       547       512       547       518       547       512       547       512
exclu.s to L2           0       448       512       486       420       320       357       384       293       192       230       257       166        64       102       128
[Dir  8  ]
MemReads       12473
MemWrites      16385
MemFootPrint   16405
req.s from L2       17303      1087      1152      1093      1157      1216      1221      1280      1285      1344      1349      1407      1413      1472      1477      1536
WB.s  from L2        4653         0         0         0         0         0         0         0         0         0         0         0         0         0         0         0
inv.s from L2        4458         0         0         0         0         0         0         0         0         0         0         0         0         0         0         0
inv.s   to L2        4052         0         0         0         0         0         0         0         0         0         0         0         0         0         0         0
read.s  to L2        4061       538       535       524       541       536       522       536       521       567       521       538       520       539       520       539
exclu.s to L2           0       467       531       459       393       339       330       403       265       213       201       277       136        85        72       149
[Dir  9  ]
MemReads       12532
MemWrites      16385
MemFootPrint   16395
req.s from L2       17312      1081      1147      1093      1159      1208      1221      1274      1285      1339      1351      1401      1415      1466      1479      1530
WB.s  from L2        4717         0         0         0         0         0         0         0         0         0         0         0         0         0         0         0
inv.s from L2        4403         0         0         0         0         0         0         0         0         0         0         0         0         0         0         0
inv.s   to L2        3988         0         0         0         0         0         0         0         0         0         0         0         0         0         0         0
read.s  to L2        3992       562       547       513       522       560       512       546       557       547       518       547       512       551       512       547
exclu.s to L2           0       470       534       448       383       341       320       406       256       214       193       278       128        85        65       149
[Dir 10  ]
MemReads       12612
MemWrites      16385
MemFootPrint   16411
req.s from L2       17311      1074      1141      1096      1160      1203      1224      1267      1288      1332      1352      1394      1416      1459      1480      1523
WB.s  from L2        4781         0         0         0         0         0         0         0         0         0         0         0         0         0         0         0
inv.s from L2        4338         0         0         0         0         0         0         0         0         0         0         0         0         0         0         0
inv.s   to L2        3924         0         0         0         0         0         0         0         0         0         0         0         0         0         0         0
read.s  to L2        3926       554       560       519       512       549       534       547       512       560       512       585       512       547       512       547
exclu.s to L2           0       462       526       448       383       333       320       399       256       206       192       270       128        77        64       141
[Dir 11  ]
MemReads       12679
MemWrites      16386
MemFootPrint   16427
req.s from L2       17316      1070      1137      1099      1164      1198      1227      1263      1291      1328      1356      1390      1420      1455      1484      1519
WB.s  from L2        4845         0         0         0         0         0         0         0         0         0         0         0         0         0         0         0
inv.s from L2        4279         0         0         0         0         0         0         0         0         0         0         0         0         0         0         0
inv.s   to L2        3860         0         0         0         0         0         0         0         0         0         0         0         0         0         0         0
read.s  to L2        3864       557       553       542       512       546       520       576       512       548       574       547       512       547       512       547
exclu.s to L2           0       454       518       448       383       326       320       391       256       198       193       262       128        69        65       133
[Dir 12  ]
MemReads       12741
MemWrites      16397
MemFootPrint   16423
req.s from L2       17312      1061      1125      1098      1163      1189      1226      1254      1290      1317      1355      1381      1419      1446      1483      1510
WB.s  from L2        4909         0         0         0         0         0         0         0         0         0         0         0         0         0         0         0
inv.s from L2        4209         0         0         0         0         0         0         0         0         0         0         0         0         0         0         0
inv.s   to L2        3796         2         2         1         2         1         1         2         1         2         2         2         2         2         2         1
read.s  to L2        3816       549       546       513       534       550       512       546       552       559       512       547       512       564       512       549
exclu.s to L2           0       446       510       448       382       318       320       381       256       190       192       254       128        61        65       125
[Dir 13  ]
MemReads       12807
MemWrites      16391
MemFootPrint   16425
req.s from L2       17311      1052      1119      1097      1162      1180      1225      1245      1289      1310      1354      1372      1418      1437      1482      1502
WB.s  from L2        4974         0         0         0         0         0         0         0         0         0         0         0         0         0         0         0
inv.s from L2        4144         0         0         0         0         0         0         0         0         0         0         0         0         0         0         0
inv.s   to L2        3732         1         1         1         1         2         2         1         2         1         1         1         1         1         1         1
read.s  to L2        3734       562       548       514       521       559       512       546       526       568       512       547       540       547       512       556
exclu.s to L2           0       438       502       448       382       310       321       373       256       182       192       246       128        53        64       117
[Dir 14  ]
MemReads       12860
MemWrites      16389
MemFootPrint   16414
req.s from L2       17319      1047      1112      1101      1165      1176      1229      1240      1293      1305      1357      1367      1421      1432      1484      1496
WB.s  from L2        5040         0         0         0         0         0         0         0         0         0         0         0         0         0         0         0
inv.s from L2        4086         0         0         0         0         0         0         0         0         0         0         0         0         0         0         0
inv.s   to L2        3667         1         1         1         1         1         1         1         1         2         1         1         1         1         0         0
read.s  to L2        3669       555       561       533       512       553       550       550       512       557       571       547       512       549       512       564
exclu.s to L2           0       430       495       448       382       302       321       365       256       175       192       238       128        45        64       109
[Dir 15  ]
MemReads       12916
MemWrites      16385
MemFootPrint   16407
req.s from L2       17305      1030      1097      1095      1156      1162      1223      1223      1287      1287      1348      1350      1412      1415      1476      1482
WB.s  from L2        5102         0         0         0         0         0         0         0         0         0         0         0         0         0         0         0
inv.s from L2        4011         0         0         0         0         0         0         0         0         0         0         0         0         0         0         0
inv.s   to L2        3603         0         0         0         0         0         0         0         0         0         0         0         0         0         0         0
read.s  to L2        3604       548       548       531       512       546       524       555       512       547       515       557       512       547       516       547
exclu.s to L2           0       422       486       448       382       293       320       357       256       166       192       230       128        37        64       101
