MPI Collective :  & 0 (24579,24579,484,81930,81930,7708,3653479) & 1 (24579,24576,487,81930,81920,7706,3653199) & 2 (24579,24576,487,81930,81920,7706,3653199) & 3 (24579,24576,487,81930,81920,7706,3653199) & 4 (24579,24576,486,81930,81920,7707,3653339) & 5 (24579,24576,487,81930,81920,7706,3653199) & 6 (24579,24576,486,81930,81920,7707,3653339) & 7 (24579,24576,487,81930,81920,7706,3653199) & 8 (24579,24576,486,81930,81920,7707,3653339) & 9 (24579,24576,487,81930,81920,7706,3653199) & 10 (24579,24576,487,81930,81920,7706,3653199) & 11 (24579,24576,487,81930,81920,7706,3653199) & 12 (24579,24576,486,81930,81920,7707,3653339) & 13 (24579,24576,487,81930,81920,7706,3653199) & 14 (24579,24576,487,81930,81920,7706,3653199) & 15 (24579,24576,487,81930,81920,7706,3653199)
>>>>>>>>>> Phase 0 End <<<<<<<<<<
  Current Cycles: 35676746
  Current Simulated: 7654513 7654513 7654513 7654513 7654513 7654513 7654513 7654513 7654513 7654513 7654513 7654513 7654513 7654513 7654513 7654513 
>>>>>>>>>> Phase 1 End <<<<<<<<<<
  Current Cycles: 35676747
  Current Simulated: 0 0 0 0 0 0 0 0 0 0 0 0 0 0 0 0 
>>>>>>>>>> Phase 2 End <<<<<<<<<<
  Current Cycles: 35676748
  Current Simulated: 0 0 0 0 0 0 0 0 0 0 0 0 0 0 0 0 
Total Cycles: 35676748
[L1Caches]
Reads             4496270   4496270   4496270   4496270   4496270   4496270   4496270   4496270   4496270   4496270   4496270   4496270   4496270   4496270   4496270   4496270
Read Misses         37627     35518     35366     36672     36700     35551     35518     35550     36676     35340     36667     36699     36699     36699     35357     35518
Writes            3158242   3158242   3158242   3158242   3158242   3158242   3158242   3158242   3158242   3158242   3158242   3158242   3158242   3158242   3158242   3158242
Writes Misses       73749     73748     73750     73753     73751     73748     73749     73748     73752     73750     73748     73748     73749     73748     73750     73750
WritesBacks         90262     89812     89818     90194     90189     89807     89813     89806     90203     89819     90187     90188     90194     90193     89809     89807
DirtyBlocks           486       485       485       490       490       489       485       489       485       485       490       490       485       485       485       489
MP Flushed             27        24        24        24        24        24        24        24        24        24        24        24        24        24        24        24
MP Writebacks         484       487       487       487       486       487       486       487       486       487       487       487       486       487       487       487
[L2Caches]
Reads               37627     35518     35366     36672     36700     35551     35518     35550     36676     35340     36667     36699     36699     36699     35357     35518
Read Misses         16475     16474     16474     16474     16474     16474     16474     16474     16474     16474     16474     16474     16474     16474     16474     16474
Writes              90262     89812     89818     90194     90189     89807     89813     89806     90203     89819     90187     90188     90194     90193     89809     89807
Writes Misses        8209      8207      8209      8209      8208      8208      8208      8207      8208      8209      8208      8208      8208      8207      8209      8209
WritesBacks             0         0         0         0         0         0         0         0         0         0         0         0         0         0         0         0
DirtyBlocks          8213      8211      8213      8213      8212      8212      8212      8211      8212      8213      8212      8212      8212      8211      8213      8213
MP Flushed           8193      8192      8192      8192      8192      8192      8192      8192      8192      8192      8192      8192      8192      8192      8192      8192
MP Writebacks        7708      7706      7706      7706      7707      7706      7707      7706      7707      7706      7706      7706      7707      7706      7706      7706
