>>>>>>>>>> MPI Collective (16)<<<<<<<<<<
  p0 (24579,24579,484,154830,163860,0,348109)
  p1 (24579,24576,487,155130,163840,0,348419)
  p2 (24579,24576,487,155130,163840,0,348419)
  p3 (24579,24576,487,154980,163990,1,348419)
  p4 (24579,24576,486,154980,163840,0,348259)
  p5 (24579,24576,487,154980,163990,1,348419)
  p6 (24579,24576,486,154980,163840,0,348259)
  p7 (24579,24576,487,155130,163840,0,348419)
  p8 (24579,24576,486,154830,163990,1,348259)
  p9 (24579,24576,487,155130,163840,0,348419)
  p10 (24579,24576,487,155130,163840,0,348419)
  p11 (24579,24576,487,155130,163840,0,348419)
  p12 (24579,24576,486,154980,163840,0,348259)
  p13 (24579,24576,487,155130,163840,0,348419)
  p14 (24579,24576,487,154980,163990,1,348419)
  p15 (24579,24576,487,154980,163990,1,348419)
  MP Cycles: 348419
>>>>>>>>>> Phase 0 End <<<<<<<<<<
  Current Cycles: 32363823
  Current Simulated: 7654513 7654513 7654513 7654513 7654513 7654513 7654513 7654513 7654513 7654513 7654513 7654513 7654513 7654513 7654513 7654513 
>>>>>>>>>> Phase 1 End <<<<<<<<<<
  Current Cycles: 32363824
  Current Simulated: 0 0 0 0 0 0 0 0 0 0 0 0 0 0 0 0 
>>>>>>>>>> Phase 2 End <<<<<<<<<<
  Current Cycles: 32363825
  Current Simulated: 0 0 0 0 0 0 0 0 0 0 0 0 0 0 0 0 
Total Cycles: 32363825
[L1Caches]
Reads             4496270   4496270   4496270   4496270   4496270   4496270   4496270   4496270   4496270   4496270   4496270   4496270   4496270   4496270   4496270   4496270
Read Misses         37627     35518     35366     36672     36700     35551     35518     35550     36676     35340     36667     36699     36699     36699     35357     35518
Writes            3158242   3158242   3158242   3158242   3158242   3158242   3158242   3158242   3158242   3158242   3158242   3158242   3158242   3158242   3158242   3158242
Writes Misses       73749     73748     73750     73753     73751     73748     73749     73748     73752     73750     73748     73748     73749     73748     73750     73750
WritesBacks         90262     89812     89818     90194     90189     89807     89813     89806     90203     89819     90187     90188     90194     90193     89809     89807
DirtyBlocks           486       485       485       490       490       489       485       489       485       485       490       490       485       485       485       489
MP Flushed             27        24        24        24        24        24        24        24        24        24        24        24        24        24        24        24
MP Writebacks         484       487       487       487       486       487       486       487       486       487       487       487       486       487       487       487
[L2Caches]
Reads               37627     35518     35366     36672     36700     35551     35518     35550     36676     35340     36667     36699     36699     36699     35357     35518
Read Misses          8321      8339      8354      8338      8327      8334      8330      8329      8327      8321      8322      8322      8337      8337      8333      8323
Writes              90262     89812     89818     90194     90189     89807     89813     89806     90203     89819     90187     90188     90194     90193     89809     89807
Writes Misses        8213      8211      8213      8213      8213      8212      8215      8211      8213      8211      8212      8212      8213      8211      8213      8213
WritesBacks            32        50        66        48        39        43        44        38        38        32        33        33        50        48        44        34
DirtyBlocks          8194      8193      8190      8191      8194      8193      8193      8189      8193      8193      8193      8193      8193      8193      8191      8193
MP Flushed           8193      8192      8192      8191      8192      8191      8192      8192      8191      8192      8192      8192      8192      8192      8191      8191
MP Writebacks           0         0         0         0         0         0         0         0         0         0         0         0         0         0         0         0
MP fromCache         7707      7705      7705      7706      7706      7706      7706      7705      7707      7705      7705      7705      7706      7705      7706      7706
MP fromMem            486       488       488       487       487       487       487       488       486       488       488       488       487       488       487       487
MP toCache           8193      8192      8192      8192      8192      8192      8192      8192      8192      8192      8192      8192      8192      8192      8192      8192
MP toMem                0         0         0         1         0         1         0         0         1         0         0         0         0         0         1         1
