MPI Collective :  & 0 (24579,24579,484,81930,81930,7707,3653329) & 1 (24579,24576,487,81930,81920,7705,3653049) & 2 (24579,24576,487,81930,81920,7705,3653049) & 3 (24579,24576,487,81930,81920,7706,3653199) & 4 (24579,24576,486,81930,81920,7706,3653189) & 5 (24579,24576,487,81930,81920,7706,3653199) & 6 (24579,24576,486,81930,81920,7706,3653189) & 7 (24579,24576,487,81930,81920,7705,3653049) & 8 (24579,24576,486,81930,81920,7707,3653339) & 9 (24579,24576,487,81930,81920,7705,3653049) & 10 (24579,24576,487,81930,81920,7705,3653049) & 11 (24579,24576,487,81930,81920,7705,3653049) & 12 (24579,24576,486,81930,81920,7706,3653189) & 13 (24579,24576,487,81930,81920,7705,3653049) & 14 (24579,24576,487,81930,81920,7706,3653199) & 15 (24579,24576,487,81930,81920,7706,3653199)
>>>>>>>>>> Phase 0 End <<<<<<<<<<
  Current Cycles: 35676794
  Current Simulated: 7654513 7654513 7654513 7654513 7654513 7654513 7654513 7654513 7654513 7654513 7654513 7654513 7654513 7654513 7654513 7654513 
>>>>>>>>>> Phase 1 End <<<<<<<<<<
  Current Cycles: 35676795
  Current Simulated: 0 0 0 0 0 0 0 0 0 0 0 0 0 0 0 0 
>>>>>>>>>> Phase 2 End <<<<<<<<<<
  Current Cycles: 35676796
  Current Simulated: 0 0 0 0 0 0 0 0 0 0 0 0 0 0 0 0 
Total Cycles: 35676796
[L1Caches]
Reads             4496270   4496270   4496270   4496270   4496270   4496270   4496270   4496270   4496270   4496270   4496270   4496270   4496270   4496270   4496270   4496270
Read Misses         37627     35518     35366     36672     36700     35551     35518     35550     36676     35340     36667     36699     36699     36699     35357     35518
Writes            3158242   3158242   3158242   3158242   3158242   3158242   3158242   3158242   3158242   3158242   3158242   3158242   3158242   3158242   3158242   3158242
Writes Misses       73749     73748     73750     73753     73751     73748     73749     73748     73752     73750     73748     73748     73749     73748     73750     73750
WritesBacks         90262     89812     89818     90194     90189     89807     89813     89806     90203     89819     90187     90188     90194     90193     89809     89807
DirtyBlocks           486       485       485       490       490       489       485       489       485       485       490       490       485       485       485       489
MP Flushed             27        24        24        24        24        24        24        24        24        24        24        24        24        24        24        24
MP Writebacks         484       487       487       487       486       487       486       487       486       487       487       487       486       487       487       487
[L2Caches]
Reads               37627     35518     35366     36672     36700     35551     35518     35550     36676     35340     36667     36699     36699     36699     35357     35518
Read Misses         16511     16530     16544     16526     16517     16522     16520     16518     16515     16511     16512     16512     16527     16528     16522     16512
Writes              90262     89812     89818     90194     90189     89807     89813     89806     90203     89819     90187     90188     90194     90193     89809     89807
Writes Misses       11956     11959     11961     11960     11961     11959     11961     11958     11960     11962     11961     11959     11961     11959     11960     11960
WritesBacks            29        47        63        45        36        40        39        35        35        31        30        30        47        45        41        31
DirtyBlocks          8194      8193      8190      8191      8194      8193      8193      8189      8193      8193      8193      8193      8193      8193      8191      8193
MP Flushed           8193      8192      8192      8191      8192      8191      8192      8192      8191      8192      8192      8192      8192      8192      8191      8191
MP Writebacks        7707      7705      7705      7706      7706      7706      7706      7705      7707      7705      7705      7705      7706      7705      7706      7706
