>>>>>>>>>> Phase 0 End <<<<<<<<<<
  Current Cycles: 19
  Current Simulated: 1 0 0 0 0 0 0 0 0 0 0 0 0 0 0 0 
>>>>>>>>>> Phase 1 End <<<<<<<<<<
  Current Cycles: 34164550
  Current Simulated: 3565302 3565302 3566533 3565274 3565302 3565274 3565274 3565302 3565274 3565644 3565302 3565302 3565302 3565302 3565302 3565821 
>>>>>>>>>> Phase 2 End <<<<<<<<<<
  Current Cycles: 188706512
  Current Simulated: 4194306 116 0 0 115 116 116 116 116 116 0 116 0 116 116 116 
>>>>>>>>>> Phase 3 End <<<<<<<<<<
  Current Cycles: 223161974
  Current Simulated: 3564755 3564755 3564755 3564755 3564755 3564755 3564755 3564755 3564755 3564755 3564755 3564755 3564755 3564755 3564755 3564755 
>>>>>>>>>> Phase 4 End <<<<<<<<<<
  Current Cycles: 223161978
  Current Simulated: 1 0 0 0 0 0 0 0 0 0 0 0 0 0 0 0 
>>>>>>>>>> Phase 5 End <<<<<<<<<<
  Current Cycles: 223161979
  Current Simulated: 0 0 0 0 0 0 0 0 0 0 0 0 0 0 0 0 
>>>>>>>>>> Phase 6 End <<<<<<<<<<
  Current Cycles: 223161980
  Current Simulated: 0 0 0 0 0 0 0 0 0 0 0 0 0 0 0 0 
Total Cycles: 223161980
[L1Caches]
Reads             6331177   4234137   4234894   4234004   4234136   4234118   4234118   4234137   4234118   4234374   4234023   4234137   4234023   4234137   4234137   4234515
Read Misses       1067583     19018     19056     19009     19017     19015     19015     19018     19015     19044     19012     19018     19012     19018     19017     19027
Writes            4993188   2896036   2896394   2896025   2896036   2896027   2896027   2896036   2896027   2896141   2896034   2896036   2896034   2896036   2896036   2896177
Writes Misses      131093        14        18        14        15        15        15        15        15        18        15        15        15        15        15        16
Invalidated            80        91        93        91        93        92        93        92        93        94        92        92        92        92        92        90
[L2Caches]
Reads             1067583     19018     19056     19009     19017     19015     19015     19018     19015     19044     19012     19018     19012     19018     19017     19027
Read Misses       1065163     16584     16612     16576     16584     16582     16582     16585     16582     16603     16579     16585     16579     16585     16584     16593
Writes            4993188   2896036   2896394   2896025   2896036   2896027   2896027   2896036   2896027   2896141   2896034   2896036   2896034   2896036   2896036   2896177
Writes Misses      131093        16        19        14        15        16        16        16        17        18        16        16        16        15        17        16
WritesBacks        143408      8274      8270      8267      8272      8273      8274      8273      8274      8275      8267      8274      8267      8273      8274      8275
Invalidates       1048748      4223      4257      4223      4225      4222      4221      4225      4221      4242      4226      4224      4226      4225      4224      4234
Invalidated             4         7         8         4         6         7         7         7         8         8         6         7         6         6         7         4
Read                  197     32868     32699     32747     32604     32699     32703     32630     32683     32594     32784     32537     32610     32539     32684     32710
Exclusived             11     32472     32528     32528     32488     32480     32472     32480     32472     32496     32528     32472     32528     32480     32472     32573
DirtyBlocks          4071      4070      4070      4070      4070      4070      4070      4070      4070      4070      4070      4070      4070      4070      4070      4070
[Dir  0  ]
MemReads       51573
MemWrites      20561
MemFootPrint   16409
req.s from L2       74771      1043      1043      1042      1043      1043      1043      1043      1043      1043      1042      1043      1042      1043      1043      1043
WB.s  from L2        8966       520       519       519       520       520       520       520       520       520       519       520       519       520       520       520
inv.s from L2       65549       267       268       267       267       267       267       267       267       267       267       267       267       267       267       267
inv.s   to L2           0         0         0         0         0         0         0         0         0         0         0         0         0         0         0         0
read.s  to L2           3      2247      2032      2035      2024      2028      2024      2024      2024      2024      2032      2024      2032      2024      2036      2018
exclu.s to L2           2      2024      2032      2032      2024      2024      2024      2024      2024      2024      2032      2024      2032      2024      2024      2022
[Dir  1  ]
MemReads       51296
MemWrites      20496
MemFootPrint   16408
req.s from L2       74756      1029      1032      1029      1029      1030      1030      1029      1030      1032      1028      1029      1028      1029      1029      1030
WB.s  from L2        8961       514       513       513       514       514       514       514       514       514       513       514       513       514       514       514
inv.s from L2       65539       259       263       260       259       260       260       259       260       262       259       259       259       259       259       260
inv.s   to L2           0         0         0         0         0         0         0         0         0         0         0         0         0         0         0         0
read.s  to L2          44      2042      2049      2049      2041      2052      2040      2040      2040      2042      2048      2040      2048      2040      2040      2040
exclu.s to L2           0      2040      2048      2048      2040      2040      2040      2040      2040      2043      2048      2040      2048      2040      2040      2045
[Dir  2  ]
MemReads       51468
MemWrites      20496
MemFootPrint   16412
req.s from L2       74759      1034      1034      1029      1033      1032      1032      1034      1032      1037      1031      1034      1031      1034      1034      1034
WB.s  from L2        8961       516       513       513       515       516       516       516       516       516       513       516       513       516       516       516
inv.s from L2       65542       262       265       260       262       260       260       262       260       265       262       262       262       262       262       262
inv.s   to L2           0         0         0         0         0         0         0         0         0         0         0         0         0         0         0         0
read.s  to L2           5      2060      2049      2096      2033      2024      2045      2024      2024      2026      2048      2024      2048      2024      2024      2024
exclu.s to L2           0      2024      2048      2048      2032      2024      2024      2024      2024      2027      2048      2024      2048      2024      2024      2033
[Dir  3  ]
MemReads       51455
MemWrites      20507
MemFootPrint   16407
req.s from L2       74758      1032      1031      1030      1032      1032      1032      1032      1032      1033      1030      1032      1030      1032      1032      1032
WB.s  from L2        8961       516       514       514       515       515       516       515       516       515       514       516       514       515       516       516
inv.s from L2       65541       258       261       260       259       259       258       259       258       260       260       258       260       259       258       259
inv.s   to L2           0         2         0         0         1         1         2         1         2         1         0         2         0         1         2         0
read.s  to L2           5      2032      2103      2042      2033      2032      2025      2033      2025      2033      2040      2026      2040      2032      2025      2032
exclu.s to L2           0      2024      2040      2040      2032      2032      2024      2032      2024      2033      2040      2024      2040      2032      2024      2037
[Dir  4  ]
MemReads       51333
MemWrites      20512
MemFootPrint   16409
req.s from L2       74766      1037      1038      1037      1037      1037      1037      1037      1037      1037      1037      1037      1037      1037      1037      1037
WB.s  from L2        8962       515       515       515       515       515       515       515       515       515       515       515       515       515       515       515
inv.s from L2       65548       266       267       266       266       266       266       266       266       266       266       266       266       266       266       266
inv.s   to L2           0         0         0         0         0         0         0         0         0         0         0         0         0         0         0         0
read.s  to L2          56      2042      2040      2041      2040      2162      2040      2040      2040      2040      2040      2040      2040      2040      2040      2040
exclu.s to L2           0      2040      2040      2040      2040      2040      2040      2040      2040      2040      2040      2040      2040      2040      2040      2051
[Dir  5  ]
MemReads       51324
MemWrites      20517
MemFootPrint   16404
req.s from L2       74757      1030      1036      1029      1030      1029      1029      1030      1029      1032      1030      1030      1030      1030      1030      1032
WB.s  from L2        8961       514       515       514       514       514       514       514       514       514       514       514       514       514       514       514
inv.s from L2       65539       258       258       257       258       257       257       258       257       258       258       258       258       258       258       258
inv.s   to L2           1         1         4         1         1         2         1         2         2         2         2         1         2         1         2         2
read.s  to L2           4      2049      2043      2040      2071      2041      2041      2042      2041      2042      2042      2040      2041      2041      2041      2042
exclu.s to L2           0      2040      2040      2040      2040      2040      2040      2040      2040      2040      2040      2040      2040      2040      2040      2043
[Dir  6  ]
MemReads       51446
MemWrites      20513
MemFootPrint   16406
req.s from L2       74762      1032      1035      1033      1032      1033      1033      1032      1033      1032      1032      1032      1032      1032      1032      1033
WB.s  from L2        8963       516       516       516       516       516       516       516       516       516       516       516       516       516       516       516
inv.s from L2       65543       260       263       261       260       261       261       260       261       260       260       260       260       260       260       261
inv.s   to L2           0         0         0         0         0         0         0         0         0         0         0         0         0         0         0         0
read.s  to L2           0      2039      2059      2036      2032      2037      2032      2096      2032      2032      2033      2032      2032      2032      2039      2032
exclu.s to L2           0      2032      2032      2032      2032      2032      2032      2032      2032      2032      2032      2032      2032      2032      2032      2035
[Dir  7  ]
MemReads       51568
MemWrites      20528
MemFootPrint   16404
req.s from L2       74767      1038      1038      1038      1038      1038      1038      1038      1038      1038      1038      1038      1038      1038      1038      1038
WB.s  from L2        8963       518       518       518       518       518       518       518       518       518       518       518       518       518       518       518
inv.s from L2       65548       264       264       264       264       264       264       264       264       264       264       264       264       264       264       264
inv.s   to L2           0         0         0         0         0         0         0         0         0         0         0         0         0         0         0         0
read.s  to L2           5      2034      2042      2063      2024      2024      2137      2024      2024      2024      2024      2030      2024      2024      2024      2034
exclu.s to L2           1      2024      2024      2024      2024      2024      2024      2024      2024      2024      2024      2024      2024      2024      2024      2030
[Dir  8  ]
MemReads       51355
MemWrites      20527
MemFootPrint   16405
req.s from L2       74758      1031      1032      1031      1031      1031      1031      1031      1031      1032      1031      1031      1031      1031      1031      1031
WB.s  from L2        8962       516       516       516       516       516       516       516       516       516       516       516       516       516       516       516
inv.s from L2       65540       259       260       259       259       259       259       259       259       260       259       259       259       259       259       259
inv.s   to L2           0         0         0         0         0         0         0         0         0         0         0         0         0         0         0         0
read.s  to L2           9      2043      2040      2041      2059      2040      2040      2040      2040      2069      2040      2040      2040      2040      2040      2040
exclu.s to L2           0      2040      2040      2040      2040      2040      2040      2040      2040      2041      2040      2040      2040      2040      2040      2044
[Dir  9  ]
MemReads       51449
MemWrites      20516
MemFootPrint   16395
req.s from L2       74772      1041      1043      1039      1041      1039      1039      1041      1039      1043      1041      1041      1041      1041      1041      1041
WB.s  from L2        8964       516       517       516       516       516       516       516       516       517       516       516       516       516       516       516
inv.s from L2       65552       269       270       267       269       267       267       269       267       270       269       269       269       269       269       269
inv.s   to L2           0         0         0         0         0         0         0         0         0         0         0         0         0         0         0         0
read.s  to L2           5      2055      2033      2033      2044      2070      2032      2032      2149      2032      2038      2032      2032      2054      2065      2032
exclu.s to L2           1      2032      2032      2032      2032      2032      2032      2032      2032      2033      2032      2032      2032      2032      2032      2038
[Dir 10  ]
MemReads       51479
MemWrites      20516
MemFootPrint   16411
req.s from L2       74763      1033      1036      1033      1033      1033      1033      1033      1033      1035      1033      1033      1033      1033      1033      1033
WB.s  from L2        8964       516       517       516       516       516       516       516       516       517       516       516       516       516       516       516
inv.s from L2       65543       261       263       261       261       261       261       261       261       262       261       261       261       261       261       261
inv.s   to L2           0         0         0         0         0         0         0         0         0         0         0         0         0         0         0         0
read.s  to L2           2      2040      2046      2039      2032      2035      2054      2033      2032      2045      2032      2070      2032      2032      2032      2032
exclu.s to L2           0      2032      2032      2032      2032      2032      2032      2032      2032      2033      2032      2032      2032      2032      2032      2037
[Dir 11  ]
MemReads       51849
MemWrites      20593
MemFootPrint   16427
req.s from L2       74783      1052      1056      1052      1053      1052      1052      1053      1052      1055      1053      1053      1053      1053      1053      1053
WB.s  from L2        8967       524       524       524       524       524       524       524       524       524       524       524       524       524       524       524
inv.s from L2       65560       272       276       272       273       272       272       273       272       275       273       273       273       273       273       273
inv.s   to L2           0         0         0         0         0         0         0         0         0         0         0         0         0         0         0         0
read.s  to L2          13      2031      2027      2074      2008      2008      2028      2074      2008      2009      2157      2008      2008      2008      2008      2051
exclu.s to L2           3      2008      2008      2008      2008      2008      2008      2008      2008      2010      2008      2008      2008      2008      2008      2018
[Dir 12  ]
MemReads       51467
MemWrites      20539
MemFootPrint   16423
req.s from L2       74770      1042      1044      1041      1042      1041      1041      1042      1041      1043      1042      1042      1042      1042      1042      1043
WB.s  from L2        8961       517       517       517       517       517       517       517       517       517       517       517       517       517       517       517
inv.s from L2       65551       267       269       267       267       267       267       267       267       268       267       267       267       267       267       269
inv.s   to L2           1         2         2         1         2         1         1         2         1         2         2         2         2         2         2         1
read.s  to L2          36      2036      2032      2033      2071      2036      2032      2032      2108      2036      2032      2032      2032      2066      2065      2034
exclu.s to L2           1      2032      2032      2032      2032      2032      2032      2032      2032      2032      2032      2032      2032      2032      2032      2042
[Dir 13  ]
MemReads       51467
MemWrites      20549
MemFootPrint   16425
req.s from L2       74771      1044      1048      1043      1044      1043      1043      1044      1043      1046      1044      1044      1044      1044      1044      1046
WB.s  from L2        8963       518       518       518       518       518       518       518       518       518       518       518       518       518       518       519
inv.s from L2       65551       269       272       267       269       267       267       269       267       271       269       269       269       269       269       270
inv.s   to L2           1         1         1         1         1         2         2         1         2         1         1         1         1         1         1         1
read.s  to L2           5      2057      2034      2034      2044      2055      2032      2032      2048      2081      2032      2032      2113      2032      2092      2032
exclu.s to L2           2      2032      2032      2032      2032      2032      2032      2032      2032      2034      2032      2032      2032      2032      2032      2038
[Dir 14  ]
MemReads       51814
MemWrites      20580
MemFootPrint   16414
req.s from L2       74783      1050      1053      1050      1050      1050      1050      1050      1050      1052      1050      1050      1050      1050      1049      1050
WB.s  from L2        8967       523       523       523       523       523       523       523       523       523       523       523       523       523       523       523
inv.s from L2       65559       270       272       270       270       270       270       270       270       271       270       270       270       270       270       271
inv.s   to L2           1         1         1         1         1         1         1         1         1         2         1         1         1         1         0         0
read.s  to L2           4      2019      2027      2029      2008      2015      2048      2012      2008      2019      2102      2008      2008      2010      2008      2187
exclu.s to L2           1      2008      2008      2008      2008      2008      2008      2008      2008      2009      2008      2008      2008      2008      2008      2015
[Dir 15  ]
MemReads       51327
MemWrites      20512
MemFootPrint   16407
req.s from L2       74761      1033      1037      1036      1033      1036      1036      1033      1036      1034      1033      1033      1033      1033      1033      1036
WB.s  from L2        8962       515       515       515       515       515       515       515       515       515       515       515       515       515       515       515
inv.s from L2       65543       262       266       265       262       265       265       262       265       263       262       262       262       262       262       265
inv.s   to L2           0         0         0         0         0         0         0         0         0         0         0         0         0         0         0         0
read.s  to L2           1      2042      2043      2062      2040      2040      2053      2052      2040      2040      2044      2059      2040      2040      2105      2040
exclu.s to L2           0      2040      2040      2040      2040      2040      2040      2040      2040      2041      2040      2040      2040      2040      2040      2045
