>>>>>>>>>> Phase 0 End <<<<<<<<<<
  Current Cycles: 19
  Current Simulated: 1 0 0 0 0 0 0 0 0 0 0 0 0 0 0 0 
>>>>>>>>>> Phase 1 End <<<<<<<<<<
  Current Cycles: 34193620
  Current Simulated: 3565821 3566014 3565302 3565302 3565302 3565302 3565302 3565302 3565302 3565302 3565302 3565302 3565302 3565302 3565302 3565302 
>>>>>>>>>> Phase 2 End <<<<<<<<<<
  Current Cycles: 34193673
  Current Simulated: 3 0 0 0 0 0 0 0 0 0 0 0 0 0 0 0 
>>>>>>>>>> Phase 3 End <<<<<<<<<<
  Current Cycles: 71170900
  Current Simulated: 4089123 4089123 4089123 4089123 4089123 4089123 4089123 4089123 4089123 4089123 4089123 4089123 4089123 4089123 4089123 4089123 
>>>>>>>>>> Phase 4 End <<<<<<<<<<
  Current Cycles: 71170908
  Current Simulated: 2 0 0 0 0 0 0 0 0 0 0 0 0 0 0 0 
>>>>>>>>>> Phase 5 End <<<<<<<<<<
  Current Cycles: 71170909
  Current Simulated: 0 0 0 0 0 0 0 0 0 0 0 0 0 0 0 0 
>>>>>>>>>> Phase 6 End <<<<<<<<<<
  Current Cycles: 71170910
  Current Simulated: 0 0 0 0 0 0 0 0 0 0 0 0 0 0 0 0 
Total Cycles: 71170910
[L1Caches]
Reads             4496621   4496733   4496240   4496240   4496240   4496240   4496240   4496240   4496240   4496240   4496240   4496240   4496240   4496240   4496240   4496240
Read Misses         78095     77066     79150     76997     79098     76901     79183     77074     79213     77011     79236     77051     79221     76981     79116     76038
Writes            3158329   3158404   3158185   3158185   3158185   3158185   3158185   3158185   3158185   3158185   3158185   3158185   3158185   3158185   3158185   3158185
Writes Misses       65824     65828     65899     65810     65946     65882     65974     65888     65908     65892     65895     65905     65917     65901     65927     65821
Invalidated          1273      2192      2200      2175      2209      2181      2315      2360      2282      2302      2272      2299      2303      2281      2177      1250
[L2Caches]
Reads               78095     77066     79150     76997     79098     76901     79183     77074     79213     77011     79236     77051     79221     76981     79116     76038
Read Misses         18083     19083     19013     19030     18958     18937     19042     19125     19158     19104     19159     19128     19080     19013     18989     18085
Writes            3158329   3158404   3158185   3158185   3158185   3158185   3158185   3158185   3158185   3158185   3158185   3158185   3158185   3158185   3158185   3158185
Writes Misses         539       743       616       668       605       607       697       692       624       629       675       858       602       633       780       562
WritesBacks           284       462       335       410       284       288       306       328       372       356       443       553       284       290       508       323
Invalidates           263       350       289       312       262       268       268       289       290       263       301       340       258       256       289       275
Invalidated          9652     10580     10594     10570     10601     10574     10745     10780     10698     10700     10677     10683     10720     10685     10560      9635
Read                 9791     10685     10661     10526     10592     10576     10667     10694     10640     10627     10662     10592     10548     10595     10450      9597
Exclusived             10         4        16       140        10         4        18       146        18         8        14       135        10         4        14       139
DirtyBlocks          8329      8324      8326      8321      8328      8327      8328      8326      8328      8327      8325      8320      8328      8321      8317      8326
[Dir  0  ]
MemReads       8440
MemWrites      45347
MemFootPrint   8344
req.s from L2        4290      6251      6184      6223      6129      6165      6363      6570      6390      6391      6326      6354      6338      6385      6099      4371
WB.s  from L2          26        10        47         6        26        10        48         9        49         8        33         6        26         7        27         6
inv.s from L2          26        15        35        11        25        15        34        22        58         8        24        10        24         8        24        11
inv.s   to L2        2416      2384      3355      2373      3363      2378      3507      2584      3460      2504      3440      2486      3483      2488      3323      1439
read.s  to L2        2397      2386      3250      2210      3237      2245      3303      2432      3295      2368      3276      2364      3274      2372      3176      1360
exclu.s to L2           4         0         8        10         4         0         9        16        12         4         5        10         4         0         5        10
[Dir  1  ]
MemReads       8439
MemWrites      7987
MemFootPrint   8343
req.s from L2        2508       528      2507       524      2507       524      2507       524      2516       524      2516       524      2507       524      2507       524
WB.s  from L2          36         0        36         0        36         0        36         0        45         0        45         0        36         0        37         0
inv.s from L2          33         0        34         0        32         0        32         0        32         0        32         0        32         0        32         0
inv.s   to L2         448       512       448       512       448       512       448       512       448       512       448       512       448       512       448       512
read.s  to L2         494       512       448       512       448       512       448       512       448       512       448       512       448       512       448       512
exclu.s to L2           0         0         0         8         0         0         0         8         0         0         0         8         0         0         0         8
[Dir  2  ]
MemReads       8441
MemWrites      8024
MemFootPrint   8345
req.s from L2        2510       530      2510       527      2510       527      2510       527      2519       527      2519       527      2510       527      2547       527
WB.s  from L2          36         0        36         0        36         0        36         0        45         0        45         0        36         0        74         0
inv.s from L2          32         0        34         0        34         0        32         0        32         0        34         0        32         0        36         0
inv.s   to L2         448       512       448       512       448       512       448       512       448       512       448       512       448       512       448       512
read.s  to L2         454       524       448       584       448       512       448       512       448       512       448       512       448       512       448       512
exclu.s to L2           1         0         0         8         1         0         0         8         1         0         0         8         1         0         0         8
[Dir  3  ]
MemReads       8438
MemWrites      7987
MemFootPrint   8342
req.s from L2        2509       527      2509       526      2509       526      2509       526      2518       526      2518       526      2509       526      2509       526
WB.s  from L2          36         0        36         0        36         0        36         0        45         0        45         0        36         0        37         0
inv.s from L2          33         0        34         0        33         0        32         0        32         0        32         0        33         0        32         0
inv.s   to L2         448       512       448       512       448       512       448       512       448       512       448       512       448       512       448       512
read.s  to L2         453       517       513       512       448       512       448       512       448       512       448       512       448       512       448       512
exclu.s to L2           0         0         0         8         0         0         0         8         0         0         0         8         0         0         0         8
[Dir  4  ]
MemReads       8441
MemWrites      8053
MemFootPrint   8345
req.s from L2        2512       530      2512       529      2512       529      2512       529      2521       529      2521       529      2512       529      2586       529
WB.s  from L2          36         0        36         0        36         0        36         0        45         0        45         0        36         0       103         0
inv.s from L2          33         0        34         0        33         0        33         0        32         0        33         0        33         0        49         0
inv.s   to L2         448       512       448       512       448       512       448       512       448       512       448       512       448       512       448       512
read.s  to L2         483       514       450       512       448       602       448       512       448       512       448       512       448       512       448       512
exclu.s to L2           1         0         0         9         1         0         0         9         1         0         0         9         1         0         0         9
[Dir  5  ]
MemReads       8436
MemWrites      8072
MemFootPrint   8340
req.s from L2        2511       530      2511       528      2511       528      2511       528      2520       528      2557       528      2511       528      2548       528
WB.s  from L2          36         0        36         0        36         0        36         0        45         0        74         0        36         0        74         0
inv.s from L2          32         0        33         0        32         0        33         0        32         0        46         0        32         0        36         0
inv.s   to L2         450       514       451       514       451       514       451       514       451       514       450       515       450       515       450       515
read.s  to L2         455       528       450       512       514       512       450       512       449       514       448       513       449       514       448       513
exclu.s to L2           2         0         0         8         2         0         0         8         2         0         0         8         2         0         0         8
[Dir  6  ]
MemReads       8437
MemWrites      8053
MemFootPrint   8340
req.s from L2        2506       525      2506       523      2506       523      2506       523      2515       523      2552       523      2506       523      2543       523
WB.s  from L2          36         0        36         0        36         0        36         0        45         0        74         0        36         0        74         0
inv.s from L2          33         0        32         0        32         0        32         0        32         0        45         0        32         0        36         0
inv.s   to L2         448       512       448       512       448       512       448       512       448       512       448       512       448       512       448       512
read.s  to L2         449       513       459       512       448       512       448       538       448       512       448       512       448       512       448       512
exclu.s to L2           1         0         0         9         1         0         0         9         1         0         0         9         1         0         0         9
[Dir  7  ]
MemReads       8436
MemWrites      8083
MemFootPrint   8340
req.s from L2        2508       525      2546       525      2508       525      2508       525      2517       525      2554       525      2508       525      2545       525
WB.s  from L2          36         0        66         0        36         0        36         0        45         0        74         0        36         0        74         0
inv.s from L2          33         0        45         0        32         0        32         0        32         0        45         0        32         0        36         0
inv.s   to L2         448       512       448       512       448       512       448       512       448       512       448       512       448       512       448       512
read.s  to L2         450       514       452       526       448       512       504       512       448       512       448       512       448       512       448       512
exclu.s to L2           1         0         0         9         1         0         1         9         1         0         1         9         1         0         1         9
[Dir  8  ]
MemReads       8415
MemWrites      16145
MemFootPrint   8340
req.s from L2        2580      2490      2580      2490      2580      2489      2580      2490      2582      2496      2582      2497      2580      2489      2581      2492
WB.s  from L2           6        26         6        27         6        26         6        27         8        33         8        34         6        26         8        28
inv.s from L2           8        24         8        23         9        25         8        23         8        24        10        25         8        24         8        24
inv.s   to L2         512      1471       512      1471       512      1471       512      1471       512      1471       512      1471       512      1471       512      1471
read.s  to L2         524      1471       512      1471       527      1471       512      1471       512      1489       512      1471       512      1471       512      1471
exclu.s to L2           0         4         0        11         0         4         0        11         0         4         0        11         0         4         0        11
[Dir  9  ]
MemReads       8442
MemWrites      8049
MemFootPrint   8331
req.s from L2         529      2513       528      2549       528      2511       528      2512       528      2520       528      2559       528      2511       528      2513
WB.s  from L2           0        36         0        66         0        36         0        37         0        45         0        76         0        36         0        37
inv.s from L2           0        34         0        45         0        32         0        31         0        33         0        43         0        32         0        34
inv.s   to L2         512       448       512       448       512       448       512       448       512       448       512       448       512       448       512       448
read.s  to L2         518       468       516       448       520       474       512       448       586       448       512       448       512       448       512       448
exclu.s to L2           0         0         1         8         0         0         1         8         0         0         1         7         0         0         1         8
[Dir 10  ]
MemReads       8456
MemWrites      8050
MemFootPrint   8345
req.s from L2         527      2513       527      2511       527      2510       527      2511       527      2519       527      2596       527      2510       527      2512
WB.s  from L2           0        36         0        37         0        36         0        37         0        45         0       106         0        36         0        37
inv.s from L2           0        33         0        32         0        32         0        31         0        34         0        56         0        32         0        32
inv.s   to L2         512       448       512       448       512       448       512       448       512       448       512       448       512       448       512       448
read.s  to L2         516       453       537       448       512       448       532       448       512       460       512       472       512       448       530       448
exclu.s to L2           0         0         0         9         0         0         0         9         0         0         0         7         0         0         0         9
[Dir 11  ]
MemReads       8460
MemWrites      8109
MemFootPrint   8363
req.s from L2         530      2517       531      2552       531      2514       531      2552       531      2523       531      2600       531      2514       531      2516
WB.s  from L2           0        36         0        66         0        36         0        66         0        45         0       106         0        37         0        37
inv.s from L2           0        33         0        47         0        32         0        44         0        33         0        56         0        32         0        32
inv.s   to L2         512       448       512       448       512       448       512       448       512       448       512       448       512       448       512       448
read.s  to L2         517       454       521       478       512       448       521       479       512       448       593       448       512       448       512       448
exclu.s to L2           0         0         2         9         0         0         2         9         0         0         2         7         0         0         2         9
[Dir 12  ]
MemReads       8456
MemWrites      8050
MemFootPrint   8359
req.s from L2         529      2586       528      2512       528      2511       528      2512       528      2520       528      2521       528      2511       528      2513
WB.s  from L2           0        94         0        38         0        36         0        37         0        45         0        46         0        37         0        37
inv.s from L2           0        59         0        32         0        32         0        31         0        33         0        31         0        32         0        33
inv.s   to L2         512       448       512       448       512       448       512       448       512       448       512       448       512       448       512       448
read.s  to L2         529       454       512       448       538       448       512       448       542       448       512       448       512       478       512       448
exclu.s to L2           0         0         1         8         0         0         1         8         0         0         1         8         0         0         1         8
[Dir 13  ]
MemReads       8459
MemWrites      8066
MemFootPrint   8362
req.s from L2         532      2553       531      2515       531      2514       531      2515       531      2523       531      2561       531      2514       531      2515
WB.s  from L2           0        65         0        38         0        36         0        37         0        45         0        75         0        37         0        37
inv.s from L2           0        47         0        32         0        33         0        31         0        33         0        44         0        32         0        32
inv.s   to L2         513       450       514       450       514       450       514       450       514       450       514       450       514       450       514       449
read.s  to L2         517       467       514       448       519       471       512       448       520       472       512       448       553       448       512       457
exclu.s to L2           0         0         1         8         0         0         1         8         0         0         1         8         0         0         1         8
[Dir 14  ]
MemReads       8447
MemWrites      8133
MemFootPrint   8350
req.s from L2         536      2592       533      2554       533      2516       533      2526       533      2525       533      2555       533      2516       533      2556
WB.s  from L2           0        94         0        66         0        36         0        39         0        45         0        67         0        37         0        67
inv.s from L2           0        60         0        45         0        34         0        38         0        33         0        44         0        32         0        45
inv.s   to L2         513       449       513       449       513       449       513       449       513       449       513       449       513       449       513       449
read.s  to L2         520       457       563       448       512       448       553       448       512       460       581       448       512       448       512       484
exclu.s to L2           0         0         2        10         0         0         2        10         0         0         2        10         0         0         2         9
[Dir 15  ]
MemReads       8441
MemWrites      8043
MemFootPrint   8344
req.s from L2         528      2548       526      2547       525      2508       525      2518       525      2517       525      2509       525      2508       525      2510
WB.s  from L2           0        65         0        66         0        36         0        39         0        45         0        37         0        37         0        37
inv.s from L2           0        45         0        45         0        33         0        38         0        32         0        31         0        32         0        32
inv.s   to L2         512       448       513       449       512       448       512       448       512       448       512       448       512       448       512       448
read.s  to L2         515       453       516       457       513       449       516       462       512       448       516       460       512       448       536       448
exclu.s to L2           0         0         1         8         0         0         1         8         0         0         1         8         0         0         1         8
