>>>>>>>>>> MPI Alltoall (16,524288)<<<<<<<<<<
  p0 (24579,24579,484,81930,81930,2738,2907979)
  p1 (24579,24576,487,81930,81920,2769,2912649)
  p2 (24579,24576,487,81930,81920,2769,2912649)
  p3 (24579,24576,487,81930,81920,2767,2912349)
  p4 (24579,24576,486,81930,81920,2767,2912339)
  p5 (24579,24576,487,81930,81920,2767,2912349)
  p6 (24579,24576,486,81930,81920,2767,2912339)
  p7 (24579,24576,487,81930,81920,2767,2912349)
  p8 (24579,24576,486,81930,81920,2767,2912339)
  p9 (24579,24576,487,81930,81920,2769,2912649)
  p10 (24579,24576,487,81930,81920,2768,2912499)
  p11 (24579,24576,487,81930,81920,2767,2912349)
  p12 (24579,24576,486,81930,81920,2767,2912339)
  p13 (24579,24576,487,81930,81920,2769,2912649)
  p14 (24579,24576,487,81930,81920,2767,2912349)
  p15 (24579,24576,487,81930,81920,2767,2912349)
  MP Cycles: 2912649
>>>>>>>>>> Phase 0 End <<<<<<<<<<
  Current Cycles: 34953634
  Current Simulated: 7654513 7654513 7654513 7654513 7654513 7654513 7654513 7654513 7654513 7654513 7654513 7654513 7654513 7654513 7654513 7654513 
>>>>>>>>>> Phase 1 End <<<<<<<<<<
  Current Cycles: 34953635
  Current Simulated: 0 0 0 0 0 0 0 0 0 0 0 0 0 0 0 0 
>>>>>>>>>> Phase 2 End <<<<<<<<<<
  Current Cycles: 34953636
  Current Simulated: 0 0 0 0 0 0 0 0 0 0 0 0 0 0 0 0 
Total Cycles: 34953636
[L1Caches]
Reads             4496270   4496270   4496270   4496270   4496270   4496270   4496270   4496270   4496270   4496270   4496270   4496270   4496270   4496270   4496270   4496270
Read Misses         37627     35518     35366     36672     36700     35551     35518     35550     36676     35340     36667     36699     36699     36699     35357     35518
Writes            3158242   3158242   3158242   3158242   3158242   3158242   3158242   3158242   3158242   3158242   3158242   3158242   3158242   3158242   3158242   3158242
Writes Misses       73749     73748     73750     73753     73751     73748     73749     73748     73752     73750     73748     73748     73749     73748     73750     73750
WritesBacks         90262     89812     89818     90194     90189     89807     89813     89806     90203     89819     90187     90188     90194     90193     89809     89807
DirtyBlocks           486       485       485       490       490       489       485       489       485       485       490       490       485       485       485       489
MP Flushed             27        24        24        24        24        24        24        24        24        24        24        24        24        24        24        24
MP Writebacks         484       487       487       487       486       487       486       487       486       487       487       487       486       487       487       487
[L2Caches]
Reads               37627     35518     35366     36672     36700     35551     35518     35550     36676     35340     36667     36699     36699     36699     35357     35518
Read Misses         33913     32888     32888     32888     32888     32888     32888     32888     32888     32888     32888     32888     32888     32888     32888     32888
Writes              90262     89812     89818     90194     90189     89807     89813     89806     90203     89819     90187     90188     90194     90193     89809     89807
Writes Misses       73263     73258     73260     73259     73260     73259     73261     73258     73259     73261     73257     73257     73259     73256     73260     73260
WritesBacks         82828     82789     82790     82796     82797     82792     82793     82791     82795     82790     82793     82795     82796     82792     82792     82793
DirtyBlocks          3606      3608      3609      3605      3603      3605      3607      3606      3605      3610      3604      3603      3604      3605      3609      3606
MP Flushed           1357      1326      1326      1328      1328      1328      1328      1328      1328      1326      1327      1328      1328      1326      1328      1328
MP Writebacks        2738      2769      2769      2767      2767      2767      2767      2767      2767      2769      2768      2767      2767      2769      2767      2767
