>>>>>>>>>> Phase 0 End <<<<<<<<<<
  Current Cycles: 1641
  Current Simulated: 20 0 0 0 0 0 0 0 0 116 0 0 0 0 0 0 
>>>>>>>>>> Phase 1 End <<<<<<<<<<
  Current Cycles: 11220645
  Current Simulated: 153551 153551 153551 153551 153551 153551 153551 153551 153551 153551 153551 153551 153551 153551 153551 153551 
>>>>>>>>>> Phase 2 End <<<<<<<<<<
  Current Cycles: 11222093
  Current Simulated: 55 116 116 116 81 116 116 116 116 116 64 116 116 116 0 0 
>>>>>>>>>> Phase 3 End <<<<<<<<<<
  Current Cycles: 16983298
  Current Simulated: 543566 543566 543566 543566 543567 543566 543566 543566 543566 543566 543567 543566 543566 543566 543566 543566 
>>>>>>>>>> Phase 4 End <<<<<<<<<<
  Current Cycles: 16984011
  Current Simulated: 53 0 0 0 0 0 0 0 0 70 0 105 10 0 0 0 
>>>>>>>>>> Phase 5 End <<<<<<<<<<
  Current Cycles: 22950239
  Current Simulated: 543566 543567 543566 543566 543567 543566 543566 543566 543566 543567 543566 543567 543567 543567 543566 543566 
>>>>>>>>>> Phase 6 End <<<<<<<<<<
  Current Cycles: 22950926
  Current Simulated: 53 116 0 116 0 0 0 0 116 0 0 0 0 0 0 0 
>>>>>>>>>> Phase 7 End <<<<<<<<<<
  Current Cycles: 28341784
  Current Simulated: 542563 542563 542563 542563 542563 542563 542563 542563 542563 542563 542563 542563 542563 542563 542563 542563 
>>>>>>>>>> Phase 8 End <<<<<<<<<<
  Current Cycles: 28342675
  Current Simulated: 27 116 116 116 0 115 116 0 116 116 0 0 116 0 0 116 
>>>>>>>>>> Phase 9 End <<<<<<<<<<
  Current Cycles: 28371777
  Current Simulated: 956 968 968 968 894 968 1588 869 968 968 968 968 968 968 968 968 
>>>>>>>>>> Phase 10 End <<<<<<<<<<
  Current Cycles: 28502972
  Current Simulated: 11224 0 0 0 0 0 0 0 0 0 0 0 0 0 0 0 
>>>>>>>>>> Phase 11 End <<<<<<<<<<
  Current Cycles: 28502973
  Current Simulated: 0 0 0 0 0 0 0 0 0 0 0 0 0 0 0 0 
>>>>>>>>>> Phase 12 End <<<<<<<<<<
  Current Cycles: 28502974
  Current Simulated: 0 0 0 0 0 0 0 0 0 0 0 0 0 0 0 0 
Total Cycles: 28502974
[L1Caches]
Reads              923973    917328    917213    917327    916992    917212    917654    916998    917327    917396    917048    917203    917222    917100    916985    917099
Read Misses         81897     81796     81893     81483     81744     81795     81689     81746     81718     81506     81456     81765     81585     81912     81894     81481
Writes             871661    867235    867233    867235    867231    867233    867412    867233    867235    867237    867231    867233    867235    867231    867229    867231
Writes Misses       87698     88114     87882     87824     88025     88105     87940     87487     87551     86923     87259     87187     87042     87670     87765     87833
Invalidated            10        17        20        19        18        18        12        15        17        19        16        18        16        15        14        14
[L2Caches]
Reads               81897     81796     81893     81483     81744     81795     81689     81746     81718     81506     81456     81765     81585     81912     81894     81481
Read Misses         14527     14297     14298     14300     14295     14298     14312     14299     14297     14302     14294     14298     14298     14296     14292     14291
Writes             871661    867235    867233    867235    867231    867233    867412    867233    867235    867237    867231    867233    867235    867231    867229    867231
Writes Misses        5303      5230      5232      5236      5233      5232      5230      5232      5233      5233      5230      5233      5233      5234      5231      5233
WritesBacks           950      1961       336      1483       718      1222       252      2178      1093      1178      1120      1209       270      1966       962      1228
Invalidates          1474       356      1010      1042      1775       352       925       814       879       859      1713       471       707      1009       601       554
Invalidated          7788      7614      7807      7632      7367      7808      7831      7243      7813      7819      7038      7824      7840      7437      7838      7829
Read                 8213      8087      8092      7900      7804      8023      8012      7580      7987      7927      7419      7902      7921      7504      7872      7826
Exclusived             46        10        21        27        93       115       102        86       123       108        74       122        86        55        46        30
DirtyBlocks          8600      7590      9113      8083      8962      8224      9152      7627      8359      8273      8864      8240      9141      7864      8473      8218
[Dir  0  ]
MemReads       6442
MemWrites      8973
MemFootPrint   11486
req.s from L2        1790      1691      1690      1696      1689      1689      1691      1697      1707      1705      1707      1703      1704      1704      1702      1819
WB.s  from L2          75       119        19        94        41        78        16       141        68        74        70        79        17       128        59       101
inv.s from L2         104        27        61        64       109        23        55        46        54        55       113        30        42        63        36        47
inv.s   to L2         533       478       490       480       466       491       490       454       491       491       433       489       493       460       490       543
read.s  to L2         543       685       486       479       475       495       486       461       493       488       450       483       490       458       486       539
exclu.s to L2           0         1         1         1         7         9         9         5         4         5         2         6         6         4         4         4
[Dir  1  ]
MemReads       6444
MemWrites      8937
MemFootPrint   11492
req.s from L2        1804      1805      1686      1692      1690      1688      1688      1691      1699      1702      1706      1702      1702      1703      1703      1705
WB.s  from L2          75       137        20        97        42        79        17       141        70        76        72        78        16       130        62        80
inv.s from L2         113        55        63        64       113        20        59        37        57        53       115        28        46        63        39        33
inv.s   to L2         535       520       491       478       464       489       488       463       489       488       430       488       490       462       487       487
read.s  to L2         775       535       502       478       473       504       485       461       486       488       450       485       488       458       484       484
exclu.s to L2           9         2         5         4         7         9        11        11         7         1         1         5         5         5         5         4
[Dir  2  ]
MemReads       6425
MemWrites      8856
MemFootPrint   11481
req.s from L2        1667      1800      1796      1679      1679      1677      1678      1682      1683      1689      1696      1691      1693      1693      1692      1695
WB.s  from L2          55       128        45        89        39        74        11       136        67        71        68        73        12       127        58        73
inv.s from L2          88        46        86        64       113        18        55        39        53        52       113        28        45        60        37        33
inv.s   to L2         482       522       533       473       457       484       485       454       484       486       425       483       483       458       485       486
read.s  to L2         485       558       542       606       470       482       493       460       482       483       448       483       482       455       483       482
exclu.s to L2           8         0         2         4         7         7         7         8        11         3         0         5         4         4         4         4
[Dir  3  ]
MemReads       6426
MemWrites      8828
MemFootPrint   11499
req.s from L2        1666      1679      1800      1798      1677      1676      1676      1679      1680      1678      1690      1690      1692      1692      1692      1693
WB.s  from L2          58       126        45       104        36        72        10       134        66        69        68        70        11       123        58        72
inv.s from L2          90        12        87        75       117        19        52        42        52        52       101        28        43        60        36        33
inv.s   to L2         479       469       526       523       449       481       483       448       481       481       433       480       480       454       481       481
read.s  to L2         485       481       679       534       471       481       483       461       481       481       445       483       484       455       481       482
exclu.s to L2           6         1         1         2         5         7         7         7        11        11         4         3         2         2         2         2
[Dir  4  ]
MemReads       6439
MemWrites      8841
MemFootPrint   11501
req.s from L2        1669      1682      1683      1808      1806      1682      1682      1687      1686      1684      1690      1691      1698      1698      1698      1701
WB.s  from L2          60       126        17       102        76        76        10       134        66        68        73        74        13       121        58        72
inv.s from L2          92        11        66        74       125        17        58        48        58        53        92        28        48        60        41        34
inv.s   to L2         478       469       480       523       500       481       482       445       480       481       444       481       479       455       480       481
read.s  to L2         554       475       480       533       520       625       483       459       492       482       446       481       483       457       480       481
exclu.s to L2           3         1         1         1         2         4         4         4         9         8         7         7         0         0         1         0
[Dir  5  ]
MemReads       6440
MemWrites      8879
MemFootPrint   11504
req.s from L2        1674      1681      1682      1686      1807      1802      1684      1686      1687      1684      1689      1683      1693      1698      1697      1699
WB.s  from L2          62       126        17        91        74        98        13       134        68        72        66        73        16       122        60        74
inv.s from L2          93        13        62        65       113        44        56        51        53        51        97        27        43        60        37        33
inv.s   to L2         479       470       482       471       512       531       485       445       482       483       443       484       482       459       482       483
read.s  to L2         487       524       481       475       652       541       487       462       480       482       448       482       482       459       481       481
exclu.s to L2           2         1         1         1         4         4         3         3         7         8         7        12         4         0         0         1
[Dir  6  ]
MemReads       6423
MemWrites      8840
MemFootPrint   11494
req.s from L2        1665      1674      1676      1678      1678      1797      1795      1677      1679      1675      1681      1674      1679      1689      1691      1691
WB.s  from L2          58       124        17        90        46        94        42       131        67        71        65        67        11       120        60        73
inv.s from L2          87        18        59        65        98        46        82        53        50        51        97        28        40        60        34        33
inv.s   to L2         479       466       481       468       457       527       527       443       481       481       439       482       483       458       481       481
read.s  to L2         483       477       516       477       461       540       544       527       482       480       448       483       483       458       480       481
exclu.s to L2           1         1         1         1         6         7         4         4         8        10         9        14        11         2         0         1
[Dir  7  ]
MemReads       6422
MemWrites      8836
MemFootPrint   11499
req.s from L2        1672      1675      1676      1680      1677      1675      1798      1801      1681      1679      1684      1679      1680      1685      1690      1694
WB.s  from L2          59       122        17        89        44        70        42       140        66        68        64        68        11       119        58        73
inv.s from L2          89        22        58        65       102        19        81        78        49        51       101        28        39        62        33        32
inv.s   to L2         481       463       482       469       456       482       528       497       483       483       437       483       485       460       484       482
read.s  to L2         484       480       489       494       466       480       613       517       484       481       449       482       485       459       482       482
exclu.s to L2           1         1         2         2         7        10         7         4         5         6         6        11        10         7         2         0
[Dir  8  ]
MemReads       6421
MemWrites      8787
MemFootPrint   11510
req.s from L2        1666      1673      1674      1678      1676      1674      1674      1800      1801      1681      1685      1681      1683      1685      1685      1690
WB.s  from L2          56       122        16        89        43        71        11       138        73        71        62        70        11       117        55        74
inv.s from L2          91        26        58        67       107        19        51        67        73        53       106        27        39        63        33        33
inv.s   to L2         478       458       480       467       450       480       483       504       531       480       431       481       482       459       483       480
read.s  to L2         492       475       481       474       487       480       484       517       542       526       454       481       492       460       484       480
exclu.s to L2           2         1         2         2         8        10         9         6         4         3         3         7         7         6         5         2
[Dir  9  ]
MemReads       6410
MemWrites      8807
MemFootPrint   11492
req.s from L2        1659      1673      1674      1676      1675      1673      1675      1676      1800      1798      1683      1680      1683      1684      1683      1686
WB.s  from L2          58       123        17        87        40        70        12       135        74        92        58        69        11       119        56        72
inv.s from L2          89        28        58        64       113        17        53        41        70        64       113        26        41        60        35        30
inv.s   to L2         478       455       479       468       448       480       482       449       531       533       430       480       482       459       482       481
read.s  to L2         481       489       479       475       470       497       483       459       592       540       452       487       486       459       483       483
exclu.s to L2           3         1         2         3         8         9         9         9         9         5         4         7         6         6         7         5
[Dir 10  ]
MemReads       6438
MemWrites      8843
MemFootPrint   11512
req.s from L2        1655      1675      1676      1680      1677      1677      1679      1682      1679      1802      1808      1685      1686      1687      1687      1691
WB.s  from L2          57       121        18        90        41        73        11       135        70        89        94        71        12       121        59        73
inv.s from L2          89        23        57        66       116        17        52        46        51        65       130        27        41        60        35        32
inv.s   to L2         479       464       480       467       445       480       483       446       480       533       477       480       480       458       481       481
read.s  to L2         483       481       507       473       469       480       506       459       490       556       506       518       485       459       486       481
exclu.s to L2           5         0         3         3         8         9         8         7        11         9         4         5         4         5         5         4
[Dir 11  ]
MemReads       6444
MemWrites      8830
MemFootPrint   11516
req.s from L2        1662      1672      1674      1678      1678      1676      1680      1682      1680      1678      1807      1803      1686      1686      1688      1691
WB.s  from L2          56       119        18        92        37        72        10       134        68        69        91        98        13       120        57        71
inv.s from L2          89        13        56        64       119        18        51        49        49        52       117        42        40        60        33        34
inv.s   to L2         480       476       480       467       442       480       483       443       480       480       488       536       480       458       481       481
read.s  to L2         481       481       484       486       467       483       489       476       484       488       541       537       482       462       485       481
exclu.s to L2           2         0         0         3         6         7         6         5         9        10         6         5         1         2         2         2
[Dir 12  ]
MemReads       6447
MemWrites      8862
MemFootPrint   11515
req.s from L2        1659      1679      1680      1683      1687      1684      1687      1688      1687      1685      1692      1810      1811      1694      1693      1699
WB.s  from L2          58       120        19        93        43        75        12       135        69        71        70       100        48       120        58        70
inv.s from L2          87        12        61        60       122        20        58        54        54        52       101        43        62        62        37        35
inv.s   to L2         480       478       481       471       440       480       483       441       480       480       436       536       536       459       480       482
read.s  to L2         520       480       480       473       513       480       483       460       545       479       446       537       541       504       480       486
exclu.s to L2           3         0         0         0         4         6         6         5        10        11         7         9         3         2         3         0
[Dir 13  ]
MemReads       6442
MemWrites      8817
MemFootPrint   11499
req.s from L2        1661      1670      1672      1675      1677      1678      1679      1681      1681      1680      1686      1681      1804      1806      1687      1691
WB.s  from L2          58       117        15        91        39        71        11       135        68        71        64        70        45       128        58        73
inv.s from L2          87        10        57        60       108        17        53        53        50        51       103        26        55        76        33        32
inv.s   to L2         481       478       480       470       452       480       482       437       479       479       433       480       537       512       480       480
read.s  to L2         484       487       480       472       475       492       484       458       493       494       446       480       585       515       480       480
exclu.s to L2           0         0         0         0         2         5         5         4         7         8         6        10         7         3         2         0
[Dir 14  ]
MemReads       6427
MemWrites      8815
MemFootPrint   11492
req.s from L2        1672      1676      1678      1682      1679      1680      1686      1689      1689      1689      1692      1690      1690      1814      1813      1698
WB.s  from L2          54       116        18        92        38        75        12       136        66        71        68        75        10       127        72        73
inv.s from L2          95        18        62        63        99        19        55        56        54        53       106        28        43        76        54        33
inv.s   to L2         483       475       480       468       466       480       483       436       480       480       430       480       484       512       540       481
read.s  to L2         487       491       515       472       468       483       510       457       481       500       514       484       488       533       541       486
exclu.s to L2           1         0         0         0         6         4         3         2         5         5         4         8         8         3         1         0
[Dir 15  ]
MemReads       6435
MemWrites      8838
MemFootPrint   11483
req.s from L2        1664      1676      1676      1680      1680      1677      1681      1689      1689      1689      1693      1687      1688      1693      1814      1816
WB.s  from L2          51       115        18        93        39        74        12       139        67        75        67        74        13       124        74       104
inv.s from L2          91        22        59        62       101        19        54        54        52        51       108        27        40        64        48        47
inv.s   to L2         483       473       482       469       463       482       484       438       481       480       429       481       484       454       541       539
read.s  to L2         489       488       491       499       467       480       499       486       480       479       476       516       485       453       576       537
exclu.s to L2           0         0         0         0         6         8         4         2         6         5         4         8         8         4         3         1
