>>>>>>>>>> MPI Alltoall (4,262144)<<<<<<<<<<
  p12 (12288,12291,140,61960,81940,0,157588)
  p13 (12288,12291,140,61960,81940,0,157588)
  p14 (12288,12291,139,61810,81940,0,157428)
  p15 (12288,12291,138,61660,81940,0,157268)
  MP Cycles: 157588
>>>>>>>>>> MPI Alltoall (4,262144)<<<<<<<<<<
  p4 (12288,12291,137,61510,81940,0,157108)
  p5 (12288,12291,138,61660,81940,0,157268)
  p6 (12288,12291,137,61510,81940,0,157108)
  p7 (12288,12291,138,61660,81940,0,157268)
  MP Cycles: 157268
>>>>>>>>>> MPI Alltoall (4,262144)<<<<<<<<<<
  p8 (12288,12291,137,61510,81940,0,157108)
  p9 (12288,12291,140,61960,81940,0,157588)
  p10 (12288,12291,137,61510,81940,0,157108)
  p11 (12288,12291,140,61960,81940,0,157588)
  MP Cycles: 157588
>>>>>>>>>> MPI Alltoall (4,262144)<<<<<<<<<<
  p0 (12288,12291,137,61510,81940,0,157108)
  p1 (12288,12291,139,61810,81940,0,157428)
  p2 (12288,12291,138,61660,81940,0,157268)
  p3 (12288,12291,139,61810,81940,0,157428)
  MP Cycles: 157428
>>>>>>>>>> MPI Alltoall (4,262144)<<<<<<<<<<
  p0 (12291,12288,46,40970,81920,0,135641)
  p4 (12291,12288,46,40970,81920,0,135641)
  p8 (12291,12288,46,40970,81920,0,135641)
  p12 (12291,12288,46,40970,81920,0,135641)
  MP Cycles: 135641
>>>>>>>>>> MPI Alltoall (4,262144)<<<<<<<<<<
  p2 (12291,12288,46,40970,81920,0,135641)
  p6 (12291,12288,44,40970,81920,0,135621)
  p10 (12291,12288,46,40970,81920,0,135641)
  p14 (12291,12288,46,40970,81920,0,135641)
  MP Cycles: 135641
>>>>>>>>>> MPI Alltoall (4,262144)<<<<<<<<<<
  p3 (12291,12288,46,40970,81920,0,135641)
  p7 (12291,12288,46,40970,81920,0,135641)
  p11 (12291,12288,46,40970,81920,0,135641)
  p15 (12291,12288,46,40970,81920,0,135641)
  MP Cycles: 135641
>>>>>>>>>> MPI Alltoall (4,262144)<<<<<<<<<<
  p1 (12291,12288,46,40970,81920,0,135641)
  p5 (12291,12288,46,40970,81920,0,135641)
  p9 (12291,12288,46,40970,81920,0,135641)
  p13 (12291,12288,46,40970,81920,0,135641)
  MP Cycles: 135641
>>>>>>>>>> MPI Reduce (16,16)<<<<<<<<<<
  p0 (Root 3,20,0,20)
  p1 (3,1,10,0,10)
  p2 (3,1,10,0,10)
  p3 (3,1,10,0,10)
  p4 (3,1,10,0,10)
  p5 (3,1,10,0,10)
  p6 (3,1,10,0,10)
  p7 (3,1,10,0,10)
  p8 (3,1,10,0,10)
  p9 (3,1,10,0,10)
  p10 (3,1,10,0,10)
  p11 (3,1,10,0,10)
  p12 (3,1,10,0,10)
  p13 (3,1,10,0,10)
  p14 (3,1,10,0,10)
  p15 (3,1,10,0,10)
  MP Cycles: 20
>>>>>>>>>> Phase 0 End <<<<<<<<<<
  Current Cycles: 10458365
  Current Simulated: 2102040 2092769 2092769 2092673 2092769 2092769 2092673 2092865 2092769 2092673 2092865 2092769 2092673 2092865 2092769 2092769 
>>>>>>>>>> Phase 1 End <<<<<<<<<<
  Current Cycles: 10458366
  Current Simulated: 0 0 0 0 0 0 0 0 0 0 0 0 0 0 0 0 
>>>>>>>>>> Phase 2 End <<<<<<<<<<
  Current Cycles: 10458367
  Current Simulated: 0 0 0 0 0 0 0 0 0 0 0 0 0 0 0 0 
Total Cycles: 10458367
[L1Caches]
Reads             1087360   1081787   1081787   1081691   1081787   1081787   1081691   1081883   1081787   1081691   1081883   1081787   1081691   1081883   1081787   1081787
Read Misses         71873     73428     72851     73345     73235     72328     72120     73010     71691     72633     73285     71953     71979     71913     71748     71769
Writes            1014677   1010979   1010979   1010979   1010979   1010979   1010979   1010979   1010979   1010979   1010979   1010979   1010979   1010979   1010979   1010979
Writes Misses       76676     76521     76615     76713     75414     75681     76616     74808     76616     75470     75462     74465     74889     75085     75971     75923
WritesBacks         88265     88185     88015     88133     87774     87133     88201     87197     88107     87016     87824     85882     86341     86290     87538     87586
DirtyBlocks           330       447       445       447       446       444       451       445       448       455       445       453       446       443       448       445
MP Flushed            571       570       569       570       569       570       572       569       570       566       569       570       568       566       570       570
MP Writebacks         183       186       185       186       184       185       182       185       184       187       184       187       187       187       186       185
[L2Caches]
Reads               71873     73428     72851     73345     73235     72328     72120     73010     71691     72633     73285     71953     71979     71913     71748     71769
Read Misses          6343      6171      6171      6171      6171      6171      6171      6171      6171      6171      6171      6171      6171      6171      6171      6171
Writes              88265     88185     88015     88133     87774     87133     88201     87197     88107     87016     87824     85882     86341     86290     87538     87586
Writes Misses        9071      9068      9067      9068      9067      9068      9068      9068      9068      9068      9067      9067      9068      9068      9067      9067
WritesBacks             0         0         0         0         0         0         0         0         0         0         0         0         0         0         0         0
DirtyBlocks         13043     12925     12924     12924     12923     12925     12922     12926     12922     12920     12924     12921     12921     12923     12923     12922
MP Flushed           8194      8193      8193      8193      8193      8193      8193      8193      8193      8193      8193      8193      8193      8193      8193      8193
MP Writebacks           0         0         0         0         0         0         0         0         0         0         0         0         0         0         0         0
MP fromCache         8056      8055      8056      8055      8057      8056      8057      8056      8057      8054      8057      8054      8054      8054      8055      8056
MP fromMem            137       139       138       139       137       138       137       138       137       140       137       140       140       140       139       138
MP toCache           8194      8193      8193      8193      8193      8193      8193      8193      8193      8193      8193      8193      8193      8193      8193      8193
MP toMem                0         0         0         0         0         0         0         0         0         0         0         0         0         0         0         0
