>>>>>>>>>> Phase 0 End <<<<<<<<<<
  Current Cycles: 1641
  Current Simulated: 20 0 0 0 0 0 0 0 0 116 0 0 0 0 0 0 
>>>>>>>>>> Phase 1 End <<<<<<<<<<
  Current Cycles: 11258880
  Current Simulated: 153551 153551 153551 153551 153551 153551 153551 153551 153551 153551 153551 153551 153551 153551 153551 153551 
>>>>>>>>>> Phase 2 End <<<<<<<<<<
  Current Cycles: 11260750
  Current Simulated: 55 116 116 116 81 116 116 116 116 116 64 116 116 116 0 0 
>>>>>>>>>> Phase 3 End <<<<<<<<<<
  Current Cycles: 17911657
  Current Simulated: 543566 543566 543566 543566 543567 543566 543566 543566 543566 543566 543567 543566 543566 543566 543566 543566 
>>>>>>>>>> Phase 4 End <<<<<<<<<<
  Current Cycles: 17912989
  Current Simulated: 53 0 0 0 0 0 0 0 0 70 0 105 10 0 0 0 
>>>>>>>>>> Phase 5 End <<<<<<<<<<
  Current Cycles: 24493471
  Current Simulated: 543566 543567 543566 543566 543567 543566 543566 543566 543566 543567 543566 543567 543567 543567 543566 543566 
>>>>>>>>>> Phase 6 End <<<<<<<<<<
  Current Cycles: 24495033
  Current Simulated: 53 116 0 116 0 0 0 0 116 0 0 0 0 0 0 0 
>>>>>>>>>> Phase 7 End <<<<<<<<<<
  Current Cycles: 33373970
  Current Simulated: 542563 542563 542563 542563 542563 542563 542563 542563 542563 542563 542563 542563 542563 542563 542563 542563 
>>>>>>>>>> Phase 8 End <<<<<<<<<<
  Current Cycles: 33375486
  Current Simulated: 27 116 116 116 0 115 116 0 116 116 0 0 116 0 0 116 
>>>>>>>>>> Phase 9 End <<<<<<<<<<
  Current Cycles: 33409065
  Current Simulated: 956 968 968 968 894 968 1588 869 968 968 968 968 968 968 968 968 
>>>>>>>>>> Phase 10 End <<<<<<<<<<
  Current Cycles: 33540680
  Current Simulated: 11224 0 0 0 0 0 0 0 0 0 0 0 0 0 0 0 
>>>>>>>>>> Phase 11 End <<<<<<<<<<
  Current Cycles: 33540681
  Current Simulated: 0 0 0 0 0 0 0 0 0 0 0 0 0 0 0 0 
>>>>>>>>>> Phase 12 End <<<<<<<<<<
  Current Cycles: 33540682
  Current Simulated: 0 0 0 0 0 0 0 0 0 0 0 0 0 0 0 0 
Total Cycles: 33540682
[L1Caches]
Reads              923973    917328    917213    917327    916992    917212    917654    916998    917327    917396    917048    917203    917222    917100    916985    917099
Read Misses         81897     81796     81893     81483     81744     81795     81689     81746     81718     81505     81455     81764     81585     81912     81894     81481
Writes             871661    867235    867233    867235    867231    867233    867412    867233    867235    867237    867231    867233    867235    867231    867229    867231
Writes Misses       87698     88114     87882     87824     88024     88105     87941     87487     87551     86922     87260     87187     87043     87670     87766     87833
Invalidated            10        17        20        19        17        18        13        15        17        17        16        17        17        15        15        14
[L2Caches]
Reads               81897     81796     81893     81483     81744     81795     81689     81746     81718     81505     81455     81764     81585     81912     81894     81481
Read Misses         19073     18837     18835     18851     18829     18840     18847     18832     18864     18862     18844     18824     18828     18839     18826     18883
Writes             871661    867235    867233    867235    867231    867233    867412    867233    867235    867237    867231    867233    867235    867231    867229    867231
Writes Misses        5307      5233      5243      5237      5251      5237      5240      5235      5236      5243      5235      5238      5239      5235      5236      5266
WritesBacks         16639     16377     16485     16470     16472     16514     16573     16567     16487     16488     16552     16582     16660     16706     16799     16781
Invalidates          2520      2481      2393      2417      2414      2369      2339      2319      2457      2443      2363      2348      2288      2257      2165      2218
Invalidated          1137      1130      1122      1123      1116      1116      1092      1099      1076      1094      1082      1052      1039      1030      1017      1068
Read                 2001      1884      1668      1619      1701      1611      1476      1496      1560      1530      1467      1362      1240      1219      1087      1155
Exclusived             68        94       160       178       189       224       279       267       184       205       251       266       354       384       482       373
DirtyBlocks          3690      3918      3914      3914      3915      3915      3902      3917      3916      3915      3918      3916      3915      3917      3917      3916
[Dir  0  ]
MemReads       17347
MemWrites      18000
MemFootPrint   11486
req.s from L2        1663      1590      1587      1590      1579      1587      1582      1563      1571      1571      1562      1566      1569      1571      1563      1620
WB.s  from L2        1118      1031      1038      1037      1035      1039      1044      1022      1011      1014      1016      1021      1028      1033      1037      1096
inv.s from L2         157       153       148       148       150       147       141       144       166       163       153       152       145       142       134       135
inv.s   to L2          50        69        68        71        68        69        65        81        83        79        79        78        80        75        75        82
read.s  to L2          82       293        81        81        90        87        71        92       111       108        98        92        87        84        76        84
exclu.s to L2           6        14        12        16        14        15        21        16         5         8        12        16        23        26        34        26
[Dir  1  ]
MemReads       17353
MemWrites      18037
MemFootPrint   11492
req.s from L2        1643      1665      1590      1590      1580      1589      1585      1581      1566      1567      1564      1563      1568      1572      1568      1556
WB.s  from L2        1097      1110      1037      1035      1036      1038      1045      1046      1022      1012      1020      1023      1030      1036      1041      1041
inv.s from L2         161       155       150       152       151       149       146       140       152       164       153       151       146       142       135       136
inv.s   to L2          81        56        71        69        69        71        64        69        82        82        79        79        77        79        78        76
read.s  to L2         345        78        89        85        84       111        75        72        97       105        96        93        87        85        77        77
exclu.s to L2           7         9        10        12        10        13        19        18        14         7        11        16        23        27        34        26
[Dir  2  ]
MemReads       17312
MemWrites      17916
MemFootPrint   11481
req.s from L2        1567      1622      1653      1580      1570      1576      1572      1572      1574      1560      1556      1556      1558      1559      1559      1544
WB.s  from L2        1026      1070      1106      1026      1029      1029      1034      1039      1034      1016      1015      1018      1022      1024      1034      1035
inv.s from L2         156       157       153       155       151       150       147       140       149       151       152       151       148       143       135       135
inv.s   to L2          82        77        50        65        65        64        64        63        62        79        78        74        72        76        73        74
read.s  to L2         110       127        69       231        81        80        85        75        76        96        98        90        86        85        75        76
exclu.s to L2           7         6         7         9        10         9        16        18        17        16        10        15        24        28        36        31
[Dir  3  ]
MemReads       17316
MemWrites      17867
MemFootPrint   11499
req.s from L2        1563      1556      1620      1652      1567      1570      1568      1566      1568      1570      1554      1550      1554      1556      1556      1541
WB.s  from L2        1022      1004      1079      1102      1025      1027      1031      1036      1031      1033      1023      1016      1020      1026      1034      1033
inv.s from L2         159       155       149       154       151       149       146       139       148       143       141       147       145       141       134       134
inv.s   to L2          78        78        74        47        61        61        60        61        60        62        74        72        71        70        69        71
read.s  to L2         113       114       222        70        82        80        76        88        77        75        85        91        86        81        73        76
exclu.s to L2           6         3        11         7         6         8        14        17        14        17        18        15        24        26        34        32
[Dir  4  ]
MemReads       17330
MemWrites      17946
MemFootPrint   11501
req.s from L2        1563      1559      1560      1629      1644      1575      1574      1573      1574      1574      1573      1559      1562      1561      1562      1549
WB.s  from L2        1023      1010      1019      1083      1104      1029      1036      1041      1034      1036      1045      1031      1027      1032      1042      1040
inv.s from L2         157       155       146       153       155       153       148       141       151       146       138       138       145       143       134       134
inv.s   to L2          79        77        77        74        47        60        60        61        59        61        60        73        71        67        66        71
read.s  to L2         183       106        93        94        72       247        77        73        79        77        68        81        85        80        70        75
exclu.s to L2           6         4        11        13         9         6        12        15        10        15        21        18        22        26        34        29
[Dir  5  ]
MemReads       17334
MemWrites      17987
MemFootPrint   11504
req.s from L2        1573      1565      1565      1566      1621      1658      1581      1577      1579      1581      1579      1580      1570      1567      1568      1554
WB.s  from L2        1026      1011      1020      1021      1084      1108      1033      1040      1033      1036      1043      1048      1035      1034      1042      1041
inv.s from L2         161       159       150       151       150       156       156       148       157       152       144       142       143       147       140       138
inv.s   to L2          80        79        79        79        79        51        62        63        61        65        62        61        71        70        67        74
read.s  to L2         120       156        93        94       281        71        85        77        81        82        71        67        79        82        71        76
exclu.s to L2           7         3        12        14        18         6        10        13        10        12        18        19        21        27        34        28
[Dir  6  ]
MemReads       17335
MemWrites      17819
MemFootPrint   11494
req.s from L2        1561      1556      1556      1554      1547      1617      1647      1567      1570      1572      1571      1569      1574      1559      1558      1543
WB.s  from L2        1017      1002      1012      1010      1013      1081      1102      1028      1022      1023      1032      1036      1043      1028      1033      1031
inv.s from L2         161       159       151       151       150       145       151       150       159       156       148       143       139       141       140       137
inv.s   to L2          80        78        77        77        76        77        49        60        60        62        60        59        57        70        66        72
read.s  to L2         111       111       142        96        91        87        67       187        83        83        73        69        61        76        71        75
exclu.s to L2           7         3        11        13        17        21         8        10         6         8        14        16        22        22        34        28
[Dir  7  ]
MemReads       17338
MemWrites      17853
MemFootPrint   11499
req.s from L2        1563      1554      1553      1553      1543      1551      1613      1643      1566      1569      1569      1569      1570      1571      1559      1541
WB.s  from L2        1021      1001      1012      1011      1013      1020      1091      1106      1019      1021      1030      1036      1040      1042      1037      1034
inv.s from L2         158       156       147       147       145       140       135       143       157       154       146       141       137       136       130       132
inv.s   to L2          81        78        79        79        78        77        75        52        62        63        62        60        59        59        70        72
read.s  to L2         113       110       101       116        95        85       150        64        87        85        76        69        65        63        68        74
exclu.s to L2           6         3        10        12        16        20        24         8         2         4        11        13        20        20        25        29
[Dir  8  ]
MemReads       17431
MemWrites      17895
MemFootPrint   11510
req.s from L2        1555      1554      1554      1556      1549      1552      1551      1613      1647      1574      1571      1571      1572      1570      1572      1572
WB.s  from L2        1016      1007      1016      1017      1021      1025      1032      1096      1105      1026      1033      1038      1043      1044      1053      1052
inv.s from L2         158       155       148       146       145       139       135       134       155       156       148       144       140       139       131       140
inv.s   to L2          78        76        74        76        75        74        72        72        45        59        58        56        55        55        54        71
read.s  to L2         126       102        92        92       121        83        77        77        68       145        76        70        66        64        55        72
exclu.s to L2           5         4        10        11        14        21        26        28         3         2         8        10        17        18        25        19
[Dir  9  ]
MemReads       17352
MemWrites      17806
MemFootPrint   11492
req.s from L2        1557      1554      1555      1555      1549      1552      1550      1548      1614      1648      1571      1570      1572      1571      1575      1565
WB.s  from L2        1014       999      1007      1008      1012      1017      1024      1025      1088      1100      1027      1029      1036      1039      1046      1044
inv.s from L2         163       161       155       153       151       146       141       140       142       155       153       149       144       142       136       140
inv.s   to L2          77        77        75        76        75        74        73        72        72        47        58        58        57        56        56        59
read.s  to L2         115       131        96        96       103       118        80        79       157        68        77        79        67        64        58        66
exclu.s to L2           1         3         9        10        13        20        25        28        22         7         7         9        16        18        24        17
[Dir 10  ]
MemReads       17426
MemWrites      17857
MemFootPrint   11512
req.s from L2        1577      1555      1557      1559      1552      1555      1553      1552      1553      1620      1649      1574      1574      1575      1575      1567
WB.s  from L2        1038      1004      1007      1009      1012      1018      1024      1024      1024      1093      1106      1034      1036      1042      1046      1045
inv.s from L2         154       160       158       157       154       148       144       142       146       141       154       148       146       142       137       142
inv.s   to L2          62        76        75        75        74        75        73        74        70        71        46        58        57        56        57        59
read.s  to L2          90       108       126        98        97        89       106        82        89        98        66       114        72        64        60        67
exclu.s to L2           3         4         6         7        11        18        23        24        19        25        15         8        15        16        24        15
[Dir 11  ]
MemReads       17420
MemWrites      17831
MemFootPrint   11516
req.s from L2        1582      1573      1554      1557      1552      1552      1552      1549      1552      1553      1617      1646      1574      1570      1574      1565
WB.s  from L2        1044      1022      1009      1003      1006      1012      1019      1019      1020      1020      1091      1104      1035      1038      1044      1041
inv.s from L2         153       153       154       161       158       151       147       145       149       145       142       153       147       142       137       144
inv.s   to L2          62        62        75        75        75        75        74        74        70        73        71        44        56        57        57        59
read.s  to L2          86        86        99       116        99        95        93       105        85        92       120        63        69        69        60        69
exclu.s to L2           2         6         9         4         7        16        21        22        17        23        29        15        12        19        24        15
[Dir 12  ]
MemReads       17369
MemWrites      17905
MemFootPrint   11515
req.s from L2        1585      1576      1580      1559      1555      1557      1556      1555      1556      1558      1554      1621      1654      1575      1579      1570
WB.s  from L2        1041      1028      1035      1015      1010      1015      1023      1021      1020      1021      1025      1095      1116      1045      1050      1046
inv.s from L2         161       152       146       153       159       152       148       148       152       149       144       142       149       142       138       145
inv.s   to L2          61        62        61        75        74        75        74        74        71        73        74        68        44        55        55        58
read.s  to L2         135        83        74        95       152        94        89        90       167        92        85        77        58       107        59        70
exclu.s to L2           1         6        10         9         6        12        19        18        14        19        25        28        21        19        24        17
[Dir 13  ]
MemReads       17328
MemWrites      17811
MemFootPrint   11499
req.s from L2        1582      1568      1569      1571      1545      1548      1547      1545      1547      1548      1548      1548      1612      1647      1570      1563
WB.s  from L2        1041      1022      1026      1027      1008      1005      1010      1009      1008      1012      1015      1016      1093      1112      1044      1037
inv.s from L2         154       149       145       144       149       153       150       150       153       149       145       144       133       140       133       146
inv.s   to L2          62        62        62        62        77        75        75        74        73        73        74        72        69        45        56        59
read.s  to L2          91        96        77        76       101       115        96        95       102       110        89        86       111        55        59        72
exclu.s to L2           1         7        10        12        11        10        14        14        12        17        21        25        35        25        24        16
[Dir 14  ]
MemReads       17314
MemWrites      17886
MemFootPrint   11492
req.s from L2        1595      1578      1577      1578      1572      1554      1552      1551      1554      1557      1553      1552      1555      1619      1654      1565
WB.s  from L2        1054      1027      1031      1033      1032      1015      1007      1008      1010      1011      1016      1016      1029      1097      1119      1041
inv.s from L2         155       153       147       146       149       148       158       157       158       159       150       151       139       137       137       144
inv.s   to L2          62        60        62        61        60        75        75        74        73        73        74        72        72        69        47        59
read.s  to L2          91        95       126        75        76        94       141       102        99       115       164        94        79        84        52        72
exclu.s to L2           1         8        11        14        13        14        12        10        11        15        18        24        32        36        35        17
[Dir 15  ]
MemReads       17333
MemWrites      17882
MemFootPrint   11483
req.s from L2        1581      1577      1574      1574      1569      1574      1552      1550      1553      1559      1553      1555      1557      1560      1619      1647
WB.s  from L2        1041      1029      1031      1033      1032      1036      1018      1007      1006      1014      1015      1021      1027      1034      1097      1124
inv.s from L2         152       149       146       146       146       143       146       158       163       160       152       152       142       138       134       136
inv.s   to L2          62        63        63        62        63        63        77        75        73        72        73        68        71        71        71        52
read.s  to L2          90        88        88       104        76        75       108       138       102        99       125       127        82        76       103        54
exclu.s to L2           2        11        11        15        14        15        15         8         8        10        13        19        27        31        37        28
