>>>>>>>>>> MPI Alltoall (4,262144)<<<<<<<<<<
  p12 (12288,12291,140,40960,40970,1889,1300568)
  p13 (12288,12291,140,40960,40970,1889,1300568)
  p14 (12288,12291,139,40960,40970,1887,1300258)
  p15 (12288,12291,138,40960,40970,1887,1300248)
  MP Cycles: 1300568
>>>>>>>>>> MPI Alltoall (4,262144)<<<<<<<<<<
  p4 (12288,12291,137,40960,40970,1889,1300538)
  p5 (12288,12291,138,40960,40970,1888,1300398)
  p6 (12288,12291,137,40960,40970,1891,1300838)
  p7 (12288,12291,138,40960,40970,1888,1300398)
  MP Cycles: 1300838
>>>>>>>>>> MPI Alltoall (4,262144)<<<<<<<<<<
  p8 (12288,12291,137,40960,40970,1889,1300538)
  p9 (12288,12291,140,40960,40970,1889,1300568)
  p10 (12288,12291,137,40960,40970,1889,1300538)
  p11 (12288,12291,140,40960,40970,1889,1300568)
  MP Cycles: 1300568
>>>>>>>>>> MPI Alltoall (4,262144)<<<<<<<<<<
  p0 (12288,12291,137,40960,40970,1889,1300538)
  p1 (12288,12291,139,40960,40970,1887,1300258)
  p2 (12288,12291,138,40960,40970,1888,1300398)
  p3 (12288,12291,139,40960,40970,1887,1300258)
  MP Cycles: 1300538
>>>>>>>>>> MPI Alltoall (4,262144)<<<<<<<<<<
  p0 (12291,12288,46,40970,40960,2133,1336231)
  p4 (12291,12288,46,40970,40960,2132,1336081)
  p8 (12291,12288,46,40970,40960,2133,1336231)
  p12 (12291,12288,46,40970,40960,2132,1336081)
  MP Cycles: 1336231
>>>>>>>>>> MPI Alltoall (4,262144)<<<<<<<<<<
  p2 (12291,12288,46,40970,40960,2132,1336081)
  p6 (12291,12288,44,40970,40960,2133,1336211)
  p10 (12291,12288,46,40970,40960,2132,1336081)
  p14 (12291,12288,46,40970,40960,2133,1336231)
  MP Cycles: 1336231
>>>>>>>>>> MPI Alltoall (4,262144)<<<<<<<<<<
  p3 (12291,12288,46,40970,40960,2133,1336231)
  p7 (12291,12288,46,40970,40960,2132,1336081)
  p11 (12291,12288,46,40970,40960,2133,1336231)
  p15 (12291,12288,46,40970,40960,2133,1336231)
  MP Cycles: 1336231
>>>>>>>>>> MPI Alltoall (4,262144)<<<<<<<<<<
  p1 (12291,12288,46,40970,40960,2133,1336231)
  p5 (12291,12288,46,40970,40960,2135,1336531)
  p9 (12291,12288,46,40970,40960,2132,1336081)
  p13 (12291,12288,46,40970,40960,2132,1336081)
  MP Cycles: 1336531
>>>>>>>>>> MPI Reduce (16,16)<<<<<<<<<<
  p0 (Root 3,10,10)
  p1 (3,1,10,1,173)
  p2 (3,1,10,1,173)
  p3 (3,1,10,1,173)
  p4 (3,1,10,1,173)
  p5 (3,1,10,1,173)
  p6 (3,1,10,1,173)
  p7 (3,1,10,0,23)
  p8 (3,1,10,1,173)
  p9 (3,1,10,0,23)
  p10 (3,1,10,1,173)
  p11 (3,1,10,1,173)
  p12 (3,1,10,0,23)
  p13 (3,1,10,0,23)
  p14 (3,1,10,1,173)
  p15 (3,1,10,1,173)
  MP Cycles: 173
>>>>>>>>>> Phase 0 End <<<<<<<<<<
  Current Cycles: 12829400
  Current Simulated: 2102040 2092769 2092769 2092673 2092769 2092769 2092673 2092865 2092769 2092673 2092865 2092769 2092673 2092865 2092769 2092769 
>>>>>>>>>> Phase 1 End <<<<<<<<<<
  Current Cycles: 12829401
  Current Simulated: 0 0 0 0 0 0 0 0 0 0 0 0 0 0 0 0 
>>>>>>>>>> Phase 2 End <<<<<<<<<<
  Current Cycles: 12829402
  Current Simulated: 0 0 0 0 0 0 0 0 0 0 0 0 0 0 0 0 
Total Cycles: 12829402
[L1Caches]
Reads             1087360   1081787   1081787   1081691   1081787   1081787   1081691   1081883   1081787   1081691   1081883   1081787   1081691   1081883   1081787   1081787
Read Misses         71873     73428     72851     73345     73235     72328     72120     73010     71691     72633     73285     71953     71979     71913     71748     71769
Writes            1014677   1010979   1010979   1010979   1010979   1010979   1010979   1010979   1010979   1010979   1010979   1010979   1010979   1010979   1010979   1010979
Writes Misses       76676     76521     76615     76713     75414     75681     76616     74808     76616     75470     75462     74465     74889     75085     75971     75923
WritesBacks         88265     88185     88015     88133     87774     87133     88201     87197     88107     87016     87824     85882     86341     86290     87538     87586
DirtyBlocks           330       447       445       447       446       444       451       445       448       455       445       453       446       443       448       445
MP Flushed            571       570       569       570       569       570       572       569       570       566       569       570       568       566       570       570
MP Writebacks         183       186       185       186       184       185       182       185       184       187       184       187       187       187       186       185
[L2Caches]
Reads               71873     73428     72851     73345     73235     72328     72120     73010     71691     72633     73285     71953     71979     71913     71748     71769
Read Misses         33282     33051     33118     33107     33105     33051     33057     33107     33109     33085     33110     33052     33048     33081     33097     33108
Writes              88265     88185     88015     88133     87774     87133     88201     87197     88107     87016     87824     85882     86341     86290     87538     87586
Writes Misses       27209     27019     27021     27020     27032     27031     27024     27022     27038     27021     27025     27005     27013     27022     27018     27027
WritesBacks         33220     33123     33132     33126     33116     33125     33121     33132     33127     33114     33127     33115     33121     33113     33124     33127
DirtyBlocks          2335      2241      2255      2253      2254      2239      2251      2249      2255      2248      2254      2232      2233      2245      2255      2253
MP Flushed           3888      3889      3888      3889      3887      3887      3886      3888      3888      3886      3887      3887      3886      3887      3889      3889
MP Writebacks        4022      4021      4021      4021      4022      4024      4025      4020      4023      4021      4022      4023      4021      4021      4021      4021
