>>>>>>>>>> MPI Alltoall (4,524288)<<<<<<<<<<
  p4 (24576,24579,215,81920,81930,3476,2555176)
  p5 (24576,24579,212,81920,81930,3479,2555596)
  p6 (24576,24579,212,81920,81930,3480,2555746)
  p7 (24576,24579,212,81920,81930,3483,2556196)
  MP Cycles: 2556196
>>>>>>>>>> MPI Alltoall (4,524288)<<<<<<<<<<
  p8 (24576,24579,210,81920,81930,3484,2556326)
  p9 (24576,24579,215,81920,81930,3477,2555326)
  p10 (24576,24579,211,81920,81930,3483,2556186)
  p11 (24576,24579,212,81920,81930,3483,2556196)
  MP Cycles: 2556326
>>>>>>>>>> MPI Alltoall (4,524288)<<<<<<<<<<
  p12 (24576,24579,214,81920,81930,3477,2555316)
  p13 (24576,24579,211,81920,81930,3479,2555586)
  p14 (24576,24579,211,81920,81930,3479,2555586)
  p15 (24576,24579,212,81920,81930,3480,2555746)
  MP Cycles: 2555746
>>>>>>>>>> MPI Alltoall (4,524288)<<<<<<<<<<
  p0 (24576,24579,211,81920,81930,3478,2555436)
  p1 (24576,24579,211,81920,81930,3480,2555736)
  p2 (24576,24579,211,81920,81930,3479,2555586)
  p3 (24576,24579,211,81920,81930,3479,2555586)
  MP Cycles: 2555736
>>>>>>>>>> MPI Alltoall (4,524288)<<<<<<<<<<
  p0 (24579,24576,59,81930,81920,1160,2206219)
  p4 (24579,24576,57,81930,81920,1158,2205899)
  p8 (24579,24576,59,81930,81920,1160,2206219)
  p12 (24579,24576,56,81930,81920,1158,2205889)
  MP Cycles: 2206219
>>>>>>>>>> MPI Alltoall (4,524288)<<<<<<<<<<
  p1 (24579,24576,59,81930,81920,1160,2206219)
  p5 (24579,24576,59,81930,81920,1158,2205919)
  p9 (24579,24576,59,81930,81920,1160,2206219)
  p13 (24579,24576,56,81930,81920,1157,2205739)
  MP Cycles: 2206219
>>>>>>>>>> MPI Alltoall (4,524288)<<<<<<<<<<
  p2 (24579,24576,59,81930,81920,1160,2206219)
  p6 (24579,24576,58,81930,81920,1159,2206059)
  p10 (24579,24576,59,81930,81920,1160,2206219)
  p14 (24579,24576,59,81930,81920,1160,2206219)
  MP Cycles: 2206219
>>>>>>>>>> MPI Alltoall (4,524288)<<<<<<<<<<
  p3 (24579,24576,59,81930,81920,1160,2206219)
  p7 (24579,24576,59,81930,81920,1160,2206219)
  p11 (24579,24576,59,81930,81920,1160,2206219)
  p15 (24579,24576,59,81930,81920,1160,2206219)
  MP Cycles: 2206219
>>>>>>>>>> MPI Reduce (16,16)<<<<<<<<<<
  p0 (Root 3,10,10)
  p1 (3,1,10,1,173)
  p2 (3,1,10,1,173)
  p3 (3,1,10,1,173)
  p4 (0,0,0,0,0)
  p5 (3,1,10,0,23)
  p6 (3,1,10,0,23)
  p7 (3,1,10,1,173)
  p8 (3,1,10,1,173)
  p9 (3,1,10,1,173)
  p10 (3,1,10,1,173)
  p11 (0,0,0,0,0)
  p12 (0,0,0,0,0)
  p13 (3,1,10,0,23)
  p14 (3,1,10,0,23)
  p15 (3,1,10,1,173)
  MP Cycles: 173
>>>>>>>>>> Phase 0 End <<<<<<<<<<
  Current Cycles: 110650212
  Current Simulated: 25095491 25086160 25086032 25085904 25085776 25085648 25085520 25085392 25085264 25085136 25085008 25084880 25084752 25084624 25084496 25084368 
>>>>>>>>>> Phase 1 End <<<<<<<<<<
  Current Cycles: 110650213
  Current Simulated: 0 0 0 0 0 0 0 0 0 0 0 0 0 0 0 0 
>>>>>>>>>> Phase 2 End <<<<<<<<<<
  Current Cycles: 110650214
  Current Simulated: 0 0 0 0 0 0 0 0 0 0 0 0 0 0 0 0 
Total Cycles: 110650214
[L1Caches]
Reads            19191524  19185904  19185776  19185648  19185520  19185392  19185264  19185136  19185008  19184880  19184752  19184624  19184496  19184368  19184240  19184112
Read Misses        247714    243399    244218    246094    243622    243572    243792    242607    242898    243408    242802    242827    243464    243985    242873    246130
Writes            5903964   5900253   5900253   5900253   5900253   5900253   5900253   5900253   5900253   5900253   5900253   5900253   5900253   5900253   5900253   5900253
Writes Misses      215728    212620    213455    213077    213174    212022    212845    211831    212016    212972    211893    211972    213051    212080    212127    214806
WritesBacks        257295    253164    254086    254747    253411    253643    253403    253396    253502    253317    253407    253522    253293    253791    253718    256466
DirtyBlocks           226       219       217       217       220       212       218       214       216       216       218       216       217       217       215       219
MP Flushed            475       475       473       473       477       474       475       474       474       475       473       474       478       478       475       474
MP Writebacks         270       271       271       271       272       272       271       272       270       275       271       271       270       268       271       272
[L2Caches]
Reads              247714    243399    244218    246094    243622    243572    243792    242607    242898    243408    242802    242827    243464    243985    242873    246130
Read Misses         71204     71032     71034     71034     71028     71033     71033     71031     71034     71031     71034     71028     71028     71033     71033     71031
Writes             257295    253164    254086    254747    253411    253643    253403    253396    253502    253317    253407    253522    253293    253791    253718    256466
Writes Misses       54005     53928     53935     53937     53925     53933     53927     53934     53940     53925     53937     53934     53929     53934     53933     53929
WritesBacks         71252     71062     71080     71076     71076     71080     71075     71069     71073     71063     71073     71067     71070     71084     71075     71075
DirtyBlocks          2826      2936      2927      2932      2926      2930      2927      2929      2928      2935      2927      2932      2935      2928      2933      2924
MP Flushed           3398      3398      3397      3397      3399      3399      3397      3398      3397      3398      3397      3398      3399      3399      3397      3398
MP Writebacks        4638      4641      4640      4640      4634      4637      4639      4644      4645      4638      4644      4643      4635      4636      4639      4641
