>>>>>>>>>> MPI Alltoall (4,524288)<<<<<<<<<<
  p4 (24576,24579,215,789320,1302660,7592,2118706)
  p5 (24576,24579,212,788870,1302060,7588,2117626)
  p6 (24576,24579,212,788720,1302210,7589,2117626)
  p7 (24576,24579,212,788270,1302660,7592,2117626)
  MP Cycles: 2118706
>>>>>>>>>> MPI Alltoall (4,524288)<<<<<<<<<<
  p8 (24576,24579,210,788120,1302810,7593,2117606)
  p9 (24576,24579,215,789170,1302510,7591,2118406)
  p10 (24576,24579,211,788270,1302660,7592,2117616)
  p11 (24576,24579,212,788270,1302660,7592,2117626)
  MP Cycles: 2118406
>>>>>>>>>> MPI Alltoall (4,524288)<<<<<<<<<<
  p12 (24576,24579,214,789170,1302510,7591,2118396)
  p13 (24576,24579,211,788870,1302060,7588,2117616)
  p14 (24576,24579,211,788870,1302060,7588,2117616)
  p15 (24576,24579,212,788720,1302210,7589,2117626)
  MP Cycles: 2118396
>>>>>>>>>> MPI Alltoall (4,524288)<<<<<<<<<<
  p0 (24576,24579,211,789020,1302060,7588,2117766)
  p1 (24576,24579,211,788720,1302210,7589,2117616)
  p2 (24576,24579,211,788870,1302060,7588,2117616)
  p3 (24576,24579,211,788870,1302060,7588,2117616)
  MP Cycles: 2117766
>>>>>>>>>> MPI Alltoall (4,524288)<<<<<<<<<<
  p0 (24579,24576,59,1136880,952240,5256,2114289)
  p4 (24579,24576,57,1137180,952090,5255,2114419)
  p8 (24579,24576,59,1136880,952240,5256,2114289)
  p12 (24579,24576,56,1137180,952090,5255,2114409)
  MP Cycles: 2114419
>>>>>>>>>> MPI Alltoall (4,524288)<<<<<<<<<<
  p1 (24579,24576,59,1136880,952240,5256,2114289)
  p5 (24579,24576,59,1137180,951940,5254,2114289)
  p9 (24579,24576,59,1136880,952240,5256,2114289)
  p13 (24579,24576,56,1137330,951940,5254,2114409)
  MP Cycles: 2114409
>>>>>>>>>> MPI Alltoall (4,524288)<<<<<<<<<<
  p2 (24579,24576,59,1136880,952240,5256,2114289)
  p6 (24579,24576,58,1137030,952090,5255,2114279)
  p10 (24579,24576,59,1136880,952240,5256,2114289)
  p14 (24579,24576,59,1136880,952240,5256,2114289)
  MP Cycles: 2114289
>>>>>>>>>> MPI Alltoall (4,524288)<<<<<<<<<<
  p3 (24579,24576,59,1136880,952240,5256,2114289)
  p7 (24579,24576,59,1136880,952240,5256,2114289)
  p11 (24579,24576,59,1136880,952240,5256,2114289)
  p15 (24579,24576,59,1136880,952240,5256,2114289)
  MP Cycles: 2114289
>>>>>>>>>> MPI Reduce (16,16)<<<<<<<<<<
  p0 (Root 3,20,0,20)
  p1 (3,1,10,0,10)
  p2 (3,1,10,0,10)
  p3 (3,1,10,0,10)
  p4 (0,0,0,0,0)
  p5 (3,1,10,0,10)
  p6 (3,1,10,0,10)
  p7 (3,1,10,0,10)
  p8 (3,1,10,0,10)
  p9 (3,1,10,0,10)
  p10 (3,1,10,0,10)
  p11 (0,0,0,0,0)
  p12 (0,0,0,0,0)
  p13 (3,1,10,0,10)
  p14 (3,1,10,0,10)
  p15 (3,1,10,0,10)
  MP Cycles: 20
>>>>>>>>>> Phase 0 End <<<<<<<<<<
  Current Cycles: 110120158
  Current Simulated: 25095491 25086160 25086032 25085904 25085776 25085648 25085520 25085392 25085264 25085136 25085008 25084880 25084752 25084624 25084496 25084368 
>>>>>>>>>> Phase 1 End <<<<<<<<<<
  Current Cycles: 110120159
  Current Simulated: 0 0 0 0 0 0 0 0 0 0 0 0 0 0 0 0 
>>>>>>>>>> Phase 2 End <<<<<<<<<<
  Current Cycles: 110120160
  Current Simulated: 0 0 0 0 0 0 0 0 0 0 0 0 0 0 0 0 
Total Cycles: 110120160
[L1Caches]
Reads            19191524  19185904  19185776  19185648  19185520  19185392  19185264  19185136  19185008  19184880  19184752  19184624  19184496  19184368  19184240  19184112
Read Misses        247714    243399    244218    246094    243622    243572    243792    242607    242898    243408    242802    242827    243464    243985    242873    246130
Writes            5903964   5900253   5900253   5900253   5900253   5900253   5900253   5900253   5900253   5900253   5900253   5900253   5900253   5900253   5900253   5900253
Writes Misses      215728    212620    213455    213077    213174    212022    212845    211831    212016    212972    211893    211972    213051    212080    212127    214806
WritesBacks        257295    253164    254086    254747    253411    253643    253403    253396    253502    253317    253407    253522    253293    253791    253718    256466
DirtyBlocks           226       219       217       217       220       212       218       214       216       216       218       216       217       217       215       219
MP Flushed            475       475       473       473       477       474       475       474       474       475       473       474       478       478       475       474
MP Writebacks         270       271       271       271       272       272       271       272       270       275       271       271       270       268       271       272
[L2Caches]
Reads              247714    243399    244218    246094    243622    243572    243792    242607    242898    243408    242802    242827    243464    243985    242873    246130
Read Misses         71203     71032     71034     71034     71028     71033     71033     71031     71034     71031     71034     71028     71028     71033     71033     71031
Writes             257295    253164    254086    254747    253411    253643    253403    253396    253502    253317    253407    253522    253293    253791    253718    256466
Writes Misses       54142     54065     54072     54074     54059     54070     54064     54068     54072     54058     54070     54068     54064     54071     54070     54066
WritesBacks         71251     71062     71080     71076     71068     71080     71075     71069     71073     71056     71073     71067     71064     71083     71075     71075
DirtyBlocks          2826      2937      2928      2933      2926      2930      2927      2930      2929      2936      2928      2932      2935      2928      2933      2925
MP Flushed           3398      3398      3397      3397      3399      3399      3397      3398      3397      3398      3397      3398      3399      3399      3397      3398
MP Writebacks           0         0         0         0         0         0         0         0         0         0         0         0         0         0         0         0
MP fromCache         4638      4641      4640      4640      4634      4638      4640      4644      4645      4638      4644      4643      4635      4637      4640      4641
MP fromMem          11747     11745     11746     11746     11751     11748     11746     11742     11741     11748     11742     11742     11750     11749     11746     11745
MP toCache          16386     16385     16385     16385     16385     16385     16385     16385     16385     16385     16385     16385     16385     16385     16385     16385
MP toMem            12844     12845     12844     12844     12847     12842     12844     12848     12849     12847     12848     12848     12846     12842     12844     12845
