>>>>>>>>>> MPI Alltoall (4,262144)<<<<<<<<<<
  p12 (12288,12291,140,372010,403690,2145,789388)
  p13 (12288,12291,140,372010,403690,2145,789388)
  p14 (12288,12291,139,372310,403540,2144,789528)
  p15 (12288,12291,138,372310,403090,2141,789068)
  MP Cycles: 789528
>>>>>>>>>> MPI Alltoall (4,262144)<<<<<<<<<<
  p4 (12288,12291,137,372010,403390,2143,789058)
  p5 (12288,12291,138,372160,403390,2143,789218)
  p6 (12288,12291,137,371710,403690,2145,789058)
  p7 (12288,12291,138,372160,403390,2143,789218)
  MP Cycles: 789218
>>>>>>>>>> MPI Alltoall (4,262144)<<<<<<<<<<
  p8 (12288,12291,137,372010,403240,2142,788908)
  p9 (12288,12291,140,372010,403540,2144,789238)
  p10 (12288,12291,137,372010,403390,2143,789058)
  p11 (12288,12291,140,372010,403690,2145,789388)
  MP Cycles: 789388
>>>>>>>>>> MPI Alltoall (4,262144)<<<<<<<<<<
  p0 (12288,12291,137,372010,403390,2143,789058)
  p1 (12288,12291,139,372310,403690,2145,789678)
  p2 (12288,12291,138,372160,403090,2141,788918)
  p3 (12288,12291,139,372310,403390,2143,789378)
  MP Cycles: 789678
>>>>>>>>>> MPI Alltoall (4,262144)<<<<<<<<<<
  p0 (12291,12288,46,335570,401870,2133,750191)
  p4 (12291,12288,46,335720,401720,2132,750191)
  p8 (12291,12288,46,335570,401870,2133,750191)
  p12 (12291,12288,46,335720,401720,2132,750191)
  MP Cycles: 750191
>>>>>>>>>> MPI Alltoall (4,262144)<<<<<<<<<<
  p2 (12291,12288,46,335720,401720,2132,750191)
  p6 (12291,12288,44,335570,402020,2134,750321)
  p10 (12291,12288,46,335720,401720,2132,750191)
  p14 (12291,12288,46,335570,401870,2133,750191)
  MP Cycles: 750321
>>>>>>>>>> MPI Alltoall (4,262144)<<<<<<<<<<
  p3 (12291,12288,46,335570,401870,2133,750191)
  p7 (12291,12288,46,335720,401720,2132,750191)
  p11 (12291,12288,46,335570,401870,2133,750191)
  p15 (12291,12288,46,335570,401870,2133,750191)
  MP Cycles: 750191
>>>>>>>>>> MPI Alltoall (4,262144)<<<<<<<<<<
  p1 (12291,12288,46,335570,401870,2133,750191)
  p5 (12291,12288,46,335270,402170,2135,750191)
  p9 (12291,12288,46,335720,401720,2132,750191)
  p13 (12291,12288,46,335720,401720,2132,750191)
  MP Cycles: 750191
>>>>>>>>>> MPI Reduce (16,16)<<<<<<<<<<
  p0 (Root 3,20,0,20)
  p1 (3,1,10,0,10)
  p2 (3,1,10,0,10)
  p3 (3,1,10,0,10)
  p4 (3,1,10,0,10)
  p5 (3,1,10,0,10)
  p6 (3,1,10,0,10)
  p7 (3,1,10,0,10)
  p8 (3,1,10,0,10)
  p9 (3,1,10,0,10)
  p10 (3,1,10,0,10)
  p11 (3,1,10,0,10)
  p12 (3,1,10,0,10)
  p13 (3,1,10,0,10)
  p14 (3,1,10,0,10)
  p15 (3,1,10,0,10)
  MP Cycles: 20
>>>>>>>>>> Phase 0 End <<<<<<<<<<
  Current Cycles: 11729265
  Current Simulated: 2102040 2092769 2092769 2092673 2092769 2092769 2092673 2092865 2092769 2092673 2092865 2092769 2092673 2092865 2092769 2092769 
>>>>>>>>>> Phase 1 End <<<<<<<<<<
  Current Cycles: 11729266
  Current Simulated: 0 0 0 0 0 0 0 0 0 0 0 0 0 0 0 0 
>>>>>>>>>> Phase 2 End <<<<<<<<<<
  Current Cycles: 11729267
  Current Simulated: 0 0 0 0 0 0 0 0 0 0 0 0 0 0 0 0 
Total Cycles: 11729267
[L1Caches]
Reads             1087360   1081787   1081787   1081691   1081787   1081787   1081691   1081883   1081787   1081691   1081883   1081787   1081691   1081883   1081787   1081787
Read Misses         71873     73428     72851     73345     73235     72328     72120     73010     71691     72633     73285     71953     71979     71913     71748     71769
Writes            1014677   1010979   1010979   1010979   1010979   1010979   1010979   1010979   1010979   1010979   1010979   1010979   1010979   1010979   1010979   1010979
Writes Misses       76676     76521     76615     76713     75414     75681     76616     74808     76616     75470     75462     74465     74889     75085     75971     75923
WritesBacks         88265     88185     88015     88133     87774     87133     88201     87197     88107     87016     87824     85882     86341     86290     87538     87586
DirtyBlocks           330       447       445       447       446       444       451       445       448       455       445       453       446       443       448       445
MP Flushed            571       570       569       570       569       570       572       569       570       566       569       570       568       566       570       570
MP Writebacks         183       186       185       186       184       185       182       185       184       187       184       187       187       187       186       185
[L2Caches]
Reads               71873     73428     72851     73345     73235     72328     72120     73010     71691     72633     73285     71953     71979     71913     71748     71769
Read Misses         30495     30270     30336     30321     30317     30269     30279     30326     30324     30298     30325     30271     30262     30293     30317     30324
Writes              88265     88185     88015     88133     87774     87133     88201     87197     88107     87016     87824     85882     86341     86290     87538     87586
Writes Misses       27907     27725     27728     27726     27731     27730     27733     27731     27737     27731     27734     27710     27720     27729     27725     27728
WritesBacks         33154     33053     33065     33056     33050     33057     33055     33065     33061     33047     33061     33045     33051     33047     33056     33060
DirtyBlocks          2335      2242      2256      2254      2255      2240      2252      2249      2256      2248      2255      2233      2233      2245      2256      2254
MP Flushed           3888      3889      3888      3889      3887      3887      3886      3888      3888      3886      3887      3887      3886      3887      3889      3889
MP Writebacks           0         0         0         0         0         0         0         0         0         0         0         0         0         0         0         0
MP fromCache         4022      4021      4021      4021      4022      4024      4025      4021      4023      4022      4022      4023      4022      4022      4021      4021
MP fromMem           4171      4173      4173      4173      4172      4170      4169      4173      4171      4172      4172      4171      4172      4172      4173      4173
MP toCache           8194      8193      8193      8193      8193      8193      8193      8193      8193      8193      8193      8193      8193      8193      8193      8193
MP toMem             4276      4278      4273      4276      4275      4278      4279      4275      4275      4276      4275      4278      4277      4277      4277      4274
