>>>>>>>>>> Phase 0 End <<<<<<<<<<
  Current Cycles: 208
  Current Simulated: 20 0 0 0 0 22 0 0 34 11 0 20 0 0 0 0 
>>>>>>>>>> Phase 1 End <<<<<<<<<<
  Current Cycles: 774462
  Current Simulated: 153551 153551 153552 153551 153552 153552 153551 153551 153552 153552 153551 153552 153552 153551 153551 153552 
>>>>>>>>>> Phase 2 End <<<<<<<<<<
  Current Cycles: 775058
  Current Simulated: 55 0 0 0 0 0 0 0 0 0 0 0 0 116 0 0 
>>>>>>>>>> Phase 3 End <<<<<<<<<<
  Current Cycles: 3583560
  Current Simulated: 543566 543566 543566 543566 543566 543566 543566 543566 543566 543566 543566 543566 543566 543566 543566 543566 
>>>>>>>>>> Phase 4 End <<<<<<<<<<
  Current Cycles: 3584156
  Current Simulated: 53 116 0 0 0 0 0 103 40 0 0 0 17 0 0 0 
>>>>>>>>>> Phase 5 End <<<<<<<<<<
  Current Cycles: 6400107
  Current Simulated: 543566 543566 543682 543566 543566 543566 543566 543570 543642 543566 543566 543566 543570 543566 543566 543566 
>>>>>>>>>> Phase 6 End <<<<<<<<<<
  Current Cycles: 6400693
  Current Simulated: 53 0 56 70 9 0 116 70 0 0 0 116 23 0 33 76 
>>>>>>>>>> Phase 7 End <<<<<<<<<<
  Current Cycles: 9231168
  Current Simulated: 542563 542563 542623 542609 542670 542563 542563 542609 542563 542563 542563 542563 542656 542563 542646 542603 
>>>>>>>>>> Phase 8 End <<<<<<<<<<
  Current Cycles: 9231366
  Current Simulated: 27 0 0 0 0 0 0 0 0 0 0 0 0 0 0 0 
>>>>>>>>>> Phase 9 End <<<<<<<<<<
  Current Cycles: 9240407
  Current Simulated: 956 968 968 869 968 968 968 968 968 968 968 968 968 1588 968 968 
>>>>>>>>>> Phase 10 End <<<<<<<<<<
  Current Cycles: 9289695
  Current Simulated: 11224 0 0 0 0 0 0 0 0 0 0 0 0 0 0 0 
>>>>>>>>>> Phase 11 End <<<<<<<<<<
  Current Cycles: 9289696
  Current Simulated: 0 0 0 0 0 0 0 0 0 0 0 0 0 0 0 0 
>>>>>>>>>> Phase 12 End <<<<<<<<<<
  Current Cycles: 9289697
  Current Simulated: 0 0 0 0 0 0 0 0 0 0 0 0 0 0 0 0 
Total Cycles: 9289697
[L1Caches]
Reads              923973    917099    917214    916998    917100    917006    917099    917204    917132    916995    916985    917118    917119    917540    917099    917100
Read Misses         81970     81495     81431     81795     81507     81837     81923     81491     81690     81482     81562     81696     81726     81509     81753     81692
Writes             871661    867231    867233    867233    867231    867231    867231    867233    867233    867231    867229    867233    867233    867410    867231    867231
Writes Misses       87374     87017     87278     87272     87090     87708     87805     87803     87965     87377     87888     87428     87540     86925     87100     87624
WritesBacks        112037    111765    111890    111747    111740    111879    111904    112009    111974    111852    111969    111803    111845    111716    111675    111912
DirtyBlocks           178       201       205       202       201       203       194       206       199       206       206       203       197       196       206       199
MP Flushed              0         0         0         0         0         0         0         0         0         0         0         0         0         0         0         0
MP Writebacks           0         0         0         0         0         0         0         0         0         0         0         0         0         0         0         0
[L2Caches]
Reads               81970     81495     81431     81795     81507     81837     81923     81491     81690     81482     81562     81696     81726     81509     81753     81692
Read Misses         19067     18826     18831     18826     18823     18820     18820     18836     18852     18889     18831     18819     18818     18839     18862     18867
Writes             112037    111765    111890    111747    111740    111879    111904    112009    111974    111852    111969    111803    111845    111716    111675    111912
Writes Misses        5243      5232      5230      5230      5230      5229      5230      5255      5238      5234      5230      5229      5230      5230      5231      5238
WritesBacks         18105     17845     17841     17842     17841     17839     17839     17862     17859     17910     17855     17833     17832     17854     17880     17888
DirtyBlocks          3606      3752      3746      3750      3748      3749      3758      3747      3749      3744      3746      3749      3754      3745      3742      3751
MP Flushed              0         0         0         0         0         0         0         0         0         0         0         0         0         0         0         0
MP Writebacks           0         0         0         0         0         0         0         0         0         0         0         0         0         0         0         0
