>>>>>>>>>> Phase 0 End <<<<<<<<<<
  Current Cycles: 2470
  Current Simulated: 67 0 0 116 116 0 0 116 0 0 0 116 116 116 0 0 
>>>>>>>>>> Phase 1 End <<<<<<<<<<
  Current Cycles: 22586765
  Current Simulated: 1804355 1804355 1804355 1804355 1804355 1804355 1804355 1804355 1804355 1804355 1804355 1804355 1804355 1804355 1804355 1804355 
>>>>>>>>>> Phase 2 End <<<<<<<<<<
  Current Cycles: 22588485
  Current Simulated: 147 0 0 116 116 0 0 0 0 0 0 0 0 0 0 0 
>>>>>>>>>> Phase 3 End <<<<<<<<<<
  Current Cycles: 61462531
  Current Simulated: 5765528 5765528 5765528 5765528 5765528 5765528 5765528 5765528 5765528 5765528 5765528 5765528 5765528 5765528 5765528 5765528 
>>>>>>>>>> Phase 4 End <<<<<<<<<<
  Current Cycles: 61463986
  Current Simulated: 157 0 0 0 0 0 0 0 0 0 0 0 0 0 0 0 
>>>>>>>>>> Phase 5 End <<<<<<<<<<
  Current Cycles: 112895761
  Current Simulated: 7369640 7369640 7369640 7369640 7369640 7369640 7369640 7369640 7369640 7369640 7369640 7369640 7369640 7369640 7369640 7369640 
>>>>>>>>>> Phase 6 End <<<<<<<<<<
  Current Cycles: 112897220
  Current Simulated: 157 0 0 0 116 0 0 0 0 116 0 0 43 44 116 0 
>>>>>>>>>> Phase 7 End <<<<<<<<<<
  Current Cycles: 163312678
  Current Simulated: 7361416 7361416 7361416 7361416 7361416 7361416 7361416 7361416 7361416 7361416 7361416 7361416 7361417 7361470 7361416 7361416 
>>>>>>>>>> Phase 8 End <<<<<<<<<<
  Current Cycles: 163313785
  Current Simulated: 43 116 116 116 116 0 116 116 116 116 115 0 116 0 116 116 
>>>>>>>>>> Phase 9 End <<<<<<<<<<
  Current Cycles: 163355503
  Current Simulated: 2272 2272 2272 2272 2272 2272 2272 2272 2272 2272 2272 2272 2781 2272 2272 2272 
>>>>>>>>>> Phase 10 End <<<<<<<<<<
  Current Cycles: 163487884
  Current Simulated: 11183 0 0 0 0 0 116 0 0 0 0 0 0 0 0 0 
>>>>>>>>>> Phase 11 End <<<<<<<<<<
  Current Cycles: 163487885
  Current Simulated: 0 0 0 0 0 0 0 0 0 0 0 0 0 0 0 0 
>>>>>>>>>> Phase 12 End <<<<<<<<<<
  Current Cycles: 163487886
  Current Simulated: 0 0 0 0 0 0 0 0 0 0 0 0 0 0 0 0 
Total Cycles: 163487886
[L1Caches]
Reads            16946186  16939050  16939050  16939278  16939392  16938936  16939164  16939164  16939050  16939164  16939049  16939050  16939539  16939146  16939164  16939050
Read Misses        217519    217364    217305    217007    217491    217311    216970    217548    217288    216964    216968    217335    217358    217517    217355    216994
Writes            5368779   5364277   5364277   5364281   5364283   5364275   5364279   5364279   5364277   5364279   5364277   5364277   5364457   5364279   5364279   5364277
Writes Misses      215669    215000    214964    215289    214524    214975    215263    214543    214951    215256    215252    214992    214596    214534    214990    215272
Invalidated            13        22        23        25        24        23        25        25        21        25        24        22        16        21        22        18
[L2Caches]
Reads              217519    217364    217305    217007    217491    217311    216970    217548    217288    216964    216968    217335    217358    217517    217355    216994
Read Misses         28295     28070     28070     28073     28075     28068     28076     28079     28070     28074     28070     28075     28084     28074     28071     28066
Writes            5368779   5364277   5364277   5364281   5364283   5364275   5364279   5364279   5364277   5364279   5364277   5364277   5364457   5364279   5364279   5364277
Writes Misses       10455     10385     10385     10385     10384     10385     10385     10383     10384     10383     10384     10384     10385     10382     10386     10386
WritesBacks             6         6         3         6         0         0         0        13         0         0         0        10         0         1         0         7
Invalidates            40         0         2         0         0         0         1      1744        37         0         0         5         0         0         1        55
Invalidated         15490     15512     15510     15514     15515     15512     15515     15511     15511     15513     15512     15513     15507     15512     15513     15508
Read                15873     15812     15819     15720     15799     15776     15693     15620     15658     15668     15633     15601     15534     15548     15529     15521
Exclusived              0         4         2         0         0         0         0         0         2         1         0         0         0         0         0         0
DirtyBlocks         18715     18624     18627     18624     18630     18630     18631     18617     18630     18630     18630     18620     18630     18629     18630     18623
[Dir  0  ]
MemReads       12408
MemWrites      15513
MemFootPrint   22781
req.s from L2        3380      3362      3362      3367      3367      3360      3419      3365      3362      3365      3362      3363      3368      3365      3419      3362
WB.s  from L2           0         1         0         0         0         0         0         0         0         0         0         0         0         0         0         0
inv.s from L2           2         0         0         0         0         0         0       109         2         0         0         1         0         0         0         1
inv.s   to L2         964       966       965       968       969       964       994       966       966       966       965       966       969       967       995       966
read.s  to L2         967      1066       972       969       982       984      1000       964       966       964       965       965       969       965       999       965
exclu.s to L2           0         0         0         0         0         0         0         0         0         0         0         0         0         0         0         0
[Dir  1  ]
MemReads       12412
MemWrites      15561
MemFootPrint   22785
req.s from L2        3396      3379      3378      3377      3379      3379      3438      3381      3376      3379      3379      3380      3371      3379      3433      3375
WB.s  from L2           0         0         0         2         0         0         0         3         0         0         0         3         0         1         0         2
inv.s from L2           2         0         0         0         0         0         1       110         2         0         0         1         0         0         1         4
inv.s   to L2         974       978       978       977       977       980      1008       978       976       979       977       979       968       977      1004       974
read.s  to L2        1152       971       995       971       982      1014      1001       972       974       980       972       968       966       974       994       966
exclu.s to L2           0         0         0         0         0         0         0         0         0         1         0         0         0         0         0         0
[Dir  2  ]
MemReads       12402
MemWrites      15489
MemFootPrint   22776
req.s from L2        3378      3361      3361      3359      3361      3361      3361      3418      3360      3361      3361      3360      3362      3361      3361      3417
WB.s  from L2           0         0         0         0         0         0         0         1         0         0         0         0         0         0         0         0
inv.s from L2           2         0         0         0         0         0         0       110         2         0         0         1         0         0         0         3
inv.s   to L2         964       964       964       964       964       964       964       991       964       964       964       964       964       964       964       992
read.s  to L2         969       982       964      1094       964       964       972       992       964       964       964       970       965       964       964       992
exclu.s to L2           0         0         0         0         0         0         0         0         1         0         0         0         0         0         0         0
[Dir  3  ]
MemReads       12408
MemWrites      15506
MemFootPrint   22796
req.s from L2        3384      3365      3365      3365      3365      3363      3365      3421      3364      3365      3365      3365      3365      3363      3365      3420
WB.s  from L2           0         0         0         0         0         0         0         2         0         0         0         0         0         0         0         0
inv.s from L2           2         0         0         0         0         0         0       109         2         0         0         0         0         0         0         5
inv.s   to L2         964       965       965       965       965       965       965       992       965       965       965       965       965       965       965       993
read.s  to L2         973       983      1094       965       965       969       981       993       965       965       965       965       965       969       965       993
exclu.s to L2           0         0         0         0         0         0         0         0         1         0         0         0         0         0         0         0
[Dir  4  ]
MemReads       12408
MemWrites      15491
MemFootPrint   22796
req.s from L2        3437      3365      3365      3366      3366      3366      3366      3366      3420      3366      3366      3366      3366      3366      3366      3366
WB.s  from L2           3         0         0         0         0         0         0         0         0         0         0         0         0         0         0         0
inv.s from L2           5         0         0         0         0         0         0       109         4         0         0         0         0         0         0         4
inv.s   to L2         990       964       964       964       964       964       964       964       992       964       964       964       964       964       964       964
read.s  to L2        1076       966       964       964       964      1095       964       964      1000       964       964       964       964       964       964       964
exclu.s to L2           0         1         1         0         0         0         0         0         0         0         0         0         0         0         0         0
[Dir  5  ]
MemReads       12416
MemWrites      15510
MemFootPrint   22805
req.s from L2        3450      3367      3369      3370      3370      3370      3370      3370      3426      3370      3368      3370      3373      3370      3370      3370
WB.s  from L2           3         0         1         0         0         0         0         1         0         0         0         0         0         0         0         0
inv.s from L2           6         0         0         0         0         0         0       109         4         0         0         0         0         0         0         4
inv.s   to L2         991       965       966       965       966       965       966       965       994       965       966       965       967       965       966       965
read.s  to L2        1010      1036       972       964      1115       964       966       966       993       971       970       964       966       965       965       965
exclu.s to L2           0         1         1         0         0         0         0         0         0         0         0         0         0         0         0         0
[Dir  6  ]
MemReads       12402
MemWrites      15489
MemFootPrint   22806
req.s from L2        3378      3360      3417      3361      3361      3359      3361      3361      3361      3417      3361      3361      3361      3359      3361      3361
WB.s  from L2           0         0         1         0         0         0         0         0         0         0         0         0         0         0         0         0
inv.s from L2           2         0         1         0         0         0         0       108         2         0         0         0         0         0         0         2
inv.s   to L2         964       964       991       964       964       964       964       964       964       992       964       964       964       964       964       964
read.s  to L2         969       976      1030       967       964       982       964      1015       964       992       968       964       964       968       964       964
exclu.s to L2           0         1         0         0         0         0         0         0         0         0         0         0         0         0         0         0
[Dir  7  ]
MemReads       12407
MemWrites      15489
MemFootPrint   22811
req.s from L2        3383      3359      3416      3360      3360      3360      3360      3358      3360      3416      3360      3360      3360      3360      3360      3358
WB.s  from L2           0         0         1         0         0         0         0         0         0         0         0         0         0         0         0         0
inv.s from L2           2         0         1         0         0         0         0       108         2         0         0         0         0         0         0         3
inv.s   to L2         964       964       991       964       964       964       964       964       964       992       964       964       964       964       964       964
read.s  to L2         968       970      1000       995       966       964      1019       968       964       992       964       964       964       964       964       974
exclu.s to L2           0         1         0         0         0         0         0         0         0         0         0         0         0         0         0         0
[Dir  8  ]
MemReads       12411
MemWrites      15491
MemFootPrint   22809
req.s from L2        3380      3414      3360      3360      3360      3360      3360      3360      3360      3360      3414      3360      3361      3360      3360      3360
WB.s  from L2           0         3         0         0         0         0         0         0         0         0         0         0         0         0         0         0
inv.s from L2           2         0         0         0         0         0         0       108         2         0         0         0         0         0         0         1
inv.s   to L2         964       992       964       964       964       964       964       964       964       964       992       964       964       964       964       964
read.s  to L2         974      1006       964       964       993       972       964       964       964      1003      1008       964       968       964       964       964
exclu.s to L2           0         0         0         0         0         0         0         0         0         0         0         0         0         0         0         0
[Dir  9  ]
MemReads       12402
MemWrites      15497
MemFootPrint   22791
req.s from L2        3380      3419      3363      3363      3361      3363      3363      3363      3363      3363      3419      3363      3362      3363      3363      3363
WB.s  from L2           0         2         0         1         0         0         0         1         0         0         0         1         0         0         0         1
inv.s from L2           2         0         0         0         0         0         0       107         2         0         0         0         0         0         0         2
inv.s   to L2         964       995       967       967       967       967       967       967       967       967       995       967       967       967       967       967
read.s  to L2         970      1014       966       964       985      1003       964       964      1034       964       992       964       980       968       964       964
exclu.s to L2           0         0         0         0         0         0         0         0         0         0         0         0         0         0         0         0
[Dir 10  ]
MemReads       12423
MemWrites      15517
MemFootPrint   22811
req.s from L2        3387      3368      3368      3424      3368      3368      3368      3366      3368      3368      3368      3424      3370      3368      3368      3365
WB.s  from L2           0         0         0         2         0         0         0         3         0         0         0         3         0         0         0         1
inv.s from L2           2         0         0         0         0         0         0       109         2         0         0         0         0         0         0         4
inv.s   to L2         966       969       969       997       969       969       969       969       969       969       969       997       968       969       969       968
read.s  to L2         971       974      1004       992       964       964      1013       980       964       994       964      1040       965       964       964       989
exclu.s to L2           0         0         0         0         0         0         0         0         0         0         0         0         0         0         0         0
[Dir 11  ]
MemReads       12425
MemWrites      15497
MemFootPrint   22812
req.s from L2        3385      3364      3362      3420      3364      3364      3364      3364      3364      3362      3364      3420      3366      3364      3364      3364
WB.s  from L2           0         0         0         1         0         0         0         1         0         0         0         2         0         0         0         1
inv.s from L2           2         0         0         0         0         0         0       108         2         0         0         0         0         0         0         3
inv.s   to L2         964       966       966       994       966       966       966       966       966       966       966       994       966       966       966       966
read.s  to L2         969       972       982      1020       964       964       977      1001       964       985      1014       992       965       964       964       964
exclu.s to L2           0         0         0         0         0         0         0         0         0         0         0         0         0         0         0         0
[Dir 12  ]
MemReads       12423
MemWrites      15490
MemFootPrint   22796
req.s from L2        3382      3367      3367      3367      3421      3367      3367      3367      3367      3367      3367      3367      3423      3367      3367      3367
WB.s  from L2           0         0         0         0         0         0         0         0         0         0         0         1         0         0         0         0
inv.s from L2           3         0         0         0         0         0         0       110         3         0         0         0         0         0         0         6
inv.s   to L2         964       965       965       965       993       965       965       965       965       965       965       965       993       965       965       965
read.s  to L2        1002       970       970       964      1061       970       964       964      1039       972       964       964       996       992       964       964
exclu.s to L2           0         0         0         0         0         0         0         0         0         0         0         0         0         0         0         0
[Dir 13  ]
MemReads       12419
MemWrites      15512
MemFootPrint   22793
req.s from L2        3382      3361      3362      3362      3418      3362      3361      3362      3362      3363      3362      3362      3421      3362      3361      3363
WB.s  from L2           0         0         0         0         0         0         0         0         0         0         0         0         0         0         0         2
inv.s from L2           2         0         0         0         0         0         0       109         2         0         0         0         0         0         0         3
inv.s   to L2         965       967       967       968       995       967       967       968       967       967       968       967       996       967       968       968
read.s  to L2         967       980       964       965      1002       983       976       965       975       996       965       965      1009       965       989       965
exclu.s to L2           0         0         0         0         0         0         0         0         0         0         0         0         0         0         0         0
[Dir 14  ]
MemReads       12414
MemWrites      15488
MemFootPrint   22787
req.s from L2        3388      3363      3361      3363      3363      3418      3363      3364      3363      3361      3362      3363      3363      3419      3363      3363
WB.s  from L2           0         0         0         0         0         0         0         0         0         0         0         0         0         0         0         0
inv.s from L2           2         0         0         0         0         0         0       110         2         0         0         1         0         0         0         3
inv.s   to L2         964       964       964       964       964       992       964       964       964       964       964       964       964       992       964       964
read.s  to L2         969       974      1008       966       964       992       991       967       964       996      1016       970       964      1004       964       964
exclu.s to L2           0         0         0         0         0         0         0         0         0         0         0         0         0         0         0         0
[Dir 15  ]
MemReads       12406
MemWrites      15489
MemFootPrint   22779
req.s from L2        3379      3361      3361      3359      3361      3416      3361      3362      3361      3361      3361      3359      3362      3417      3361      3361
WB.s  from L2           0         0         0         0         0         0         0         1         0         0         0         0         0         0         0         0
inv.s from L2           2         0         0         0         0         0         0       111         2         0         0         1         0         0         0         7
inv.s   to L2         964       964       964       964       964       992       964       964       964       964       964       964       964       992       964       964
read.s  to L2         967       972       970       996       964       992       977       981       964       966       978      1018       964       994       977       964
exclu.s to L2           0         0         0         0         0         0         0         0         0         0         0         0         0         0         0         0
