>>>>>>>>>> MPI Alltoall (4,262144)<<<<<<<<<<
  p12 (12288,12291,140,40960,40970,3956,1610618)
  p13 (12288,12291,140,40960,40970,3956,1610618)
  p14 (12288,12291,139,40960,40970,3957,1610758)
  p15 (12288,12291,138,40960,40970,3958,1610898)
  MP Cycles: 1610898
>>>>>>>>>> MPI Alltoall (4,262144)<<<<<<<<<<
  p4 (12288,12291,137,40960,40970,3959,1611038)
  p5 (12288,12291,138,40960,40970,3958,1610898)
  p6 (12288,12291,137,40960,40970,3959,1611038)
  p7 (12288,12291,138,40960,40970,3958,1610898)
  MP Cycles: 1611038
>>>>>>>>>> MPI Alltoall (4,262144)<<<<<<<<<<
  p8 (12288,12291,137,40960,40970,3959,1611038)
  p9 (12288,12291,140,40960,40970,3956,1610618)
  p10 (12288,12291,137,40960,40970,3959,1611038)
  p11 (12288,12291,140,40960,40970,3956,1610618)
  MP Cycles: 1611038
>>>>>>>>>> MPI Alltoall (4,262144)<<<<<<<<<<
  p0 (12288,12291,137,40960,40970,3959,1611038)
  p1 (12288,12291,139,40960,40970,3957,1610758)
  p2 (12288,12291,138,40960,40970,3958,1610898)
  p3 (12288,12291,139,40960,40970,3957,1610758)
  MP Cycles: 1611038
>>>>>>>>>> MPI Alltoall (4,262144)<<<<<<<<<<
  p0 (12291,12288,46,40970,40960,4065,1626031)
  p4 (12291,12288,46,40970,40960,4065,1626031)
  p8 (12291,12288,46,40970,40960,4065,1626031)
  p12 (12291,12288,46,40970,40960,4065,1626031)
  MP Cycles: 1626031
>>>>>>>>>> MPI Alltoall (4,262144)<<<<<<<<<<
  p2 (12291,12288,46,40970,40960,4065,1626031)
  p6 (12291,12288,44,40970,40960,4067,1626311)
  p10 (12291,12288,46,40970,40960,4065,1626031)
  p14 (12291,12288,46,40970,40960,4065,1626031)
  MP Cycles: 1626311
>>>>>>>>>> MPI Alltoall (4,262144)<<<<<<<<<<
  p3 (12291,12288,46,40970,40960,4065,1626031)
  p7 (12291,12288,46,40970,40960,4065,1626031)
  p11 (12291,12288,46,40970,40960,4065,1626031)
  p15 (12291,12288,46,40970,40960,4065,1626031)
  MP Cycles: 1626031
>>>>>>>>>> MPI Alltoall (4,262144)<<<<<<<<<<
  p1 (12291,12288,46,40970,40960,4065,1626031)
  p5 (12291,12288,46,40970,40960,4065,1626031)
  p9 (12291,12288,46,40970,40960,4065,1626031)
  p13 (12291,12288,46,40970,40960,4065,1626031)
  MP Cycles: 1626031
>>>>>>>>>> MPI Reduce (16,16)<<<<<<<<<<
  p0 (Root 3,10,10)
  p1 (3,1,10,1,173)
  p2 (3,1,10,1,173)
  p3 (3,1,10,1,173)
  p4 (3,1,10,1,173)
  p5 (3,1,10,1,173)
  p6 (3,1,10,1,173)
  p7 (3,1,10,1,173)
  p8 (3,1,10,1,173)
  p9 (3,1,10,1,173)
  p10 (3,1,10,1,173)
  p11 (3,1,10,1,173)
  p12 (3,1,10,1,173)
  p13 (3,1,10,1,173)
  p14 (3,1,10,1,173)
  p15 (3,1,10,1,173)
  MP Cycles: 173
>>>>>>>>>> Phase 0 End <<<<<<<<<<
  Current Cycles: 13410712
  Current Simulated: 2102040 2092769 2092769 2092673 2092769 2092769 2092673 2092865 2092769 2092673 2092865 2092769 2092673 2092865 2092769 2092769 
>>>>>>>>>> Phase 1 End <<<<<<<<<<
  Current Cycles: 13410713
  Current Simulated: 0 0 0 0 0 0 0 0 0 0 0 0 0 0 0 0 
>>>>>>>>>> Phase 2 End <<<<<<<<<<
  Current Cycles: 13410714
  Current Simulated: 0 0 0 0 0 0 0 0 0 0 0 0 0 0 0 0 
Total Cycles: 13410714
[L1Caches]
Reads             1087360   1081787   1081787   1081691   1081787   1081787   1081691   1081883   1081787   1081691   1081883   1081787   1081691   1081883   1081787   1081787
Read Misses         71873     73428     72851     73345     73235     72328     72120     73010     71691     72633     73285     71953     71979     71913     71748     71769
Writes            1014677   1010979   1010979   1010979   1010979   1010979   1010979   1010979   1010979   1010979   1010979   1010979   1010979   1010979   1010979   1010979
Writes Misses       76676     76521     76615     76713     75414     75681     76616     74808     76616     75470     75462     74465     74889     75085     75971     75923
WritesBacks         88265     88185     88015     88133     87774     87133     88201     87197     88107     87016     87824     85882     86341     86290     87538     87586
DirtyBlocks           330       447       445       447       446       444       451       445       448       455       445       453       446       443       448       445
MP Flushed            571       570       569       570       569       570       572       569       570       566       569       570       568       566       570       570
MP Writebacks         183       186       185       186       184       185       182       185       184       187       184       187       187       187       186       185
[L2Caches]
Reads               71873     73428     72851     73345     73235     72328     72120     73010     71691     72633     73285     71953     71979     71913     71748     71769
Read Misses         14537     14364     14364     14364     14364     14364     14364     14364     14364     14364     14364     14364     14364     14364     14364     14364
Writes              88265     88185     88015     88133     87774     87133     88201     87197     88107     87016     87824     85882     86341     86290     87538     87586
Writes Misses        9071      9068      9067      9068      9067      9068      9068      9068      9068      9068      9067      9067      9068      9068      9067      9067
WritesBacks           123        12         5         6        11        12        12         8        12         0        11         0        12         0         5        11
DirtyBlocks         12920     12912     12918     12917     12911     12912     12909     12917     12909     12919     12912     12920     12908     12922     12917     12910
MP Flushed           8194      8193      8193      8193      8193      8193      8193      8193      8193      8193      8193      8193      8193      8193      8193      8193
MP Writebacks        8024      8023      8024      8023      8025      8024      8027      8024      8025      8022      8025      8022      8022      8022      8023      8024
