>>>>>>>>>> MPI Alltoall (4,524288)<<<<<<<<<<
  p4 (24576,24579,215,119120,200010,241,345856)
  p5 (24576,24579,212,118670,200160,242,345526)
  p6 (24576,24579,212,118820,200010,241,345526)
  p7 (24576,24579,212,118670,200010,241,345376)
  MP Cycles: 345856
>>>>>>>>>> MPI Alltoall (4,524288)<<<<<<<<<<
  p8 (24576,24579,210,118370,200160,242,345206)
  p9 (24576,24579,215,119270,200010,241,346006)
  p10 (24576,24579,211,118520,200160,242,345366)
  p11 (24576,24579,212,118670,200010,241,345376)
  MP Cycles: 346006
>>>>>>>>>> MPI Alltoall (4,524288)<<<<<<<<<<
  p12 (24576,24579,214,118970,200010,241,345696)
  p13 (24576,24579,211,118520,200160,242,345366)
  p14 (24576,24579,211,118520,200160,242,345366)
  p15 (24576,24579,212,118670,200160,242,345526)
  MP Cycles: 345696
>>>>>>>>>> MPI Alltoall (4,524288)<<<<<<<<<<
  p0 (24576,24579,211,118520,200160,242,345366)
  p1 (24576,24579,211,118520,200160,242,345366)
  p2 (24576,24579,211,118520,200160,242,345366)
  p3 (24576,24579,211,118520,200160,242,345366)
  MP Cycles: 345366
>>>>>>>>>> MPI Alltoall (4,524288)<<<<<<<<<<
  p0 (24579,24576,59,89730,163990,1,278889)
  p4 (24579,24576,57,88980,164290,3,278419)
  p8 (24579,24576,59,89730,163990,1,278889)
  p12 (24579,24576,56,88830,163990,1,277959)
  MP Cycles: 278889
>>>>>>>>>> MPI Alltoall (4,524288)<<<<<<<<<<
  p1 (24579,24576,59,89280,164290,3,278739)
  p5 (24579,24576,59,89280,164290,3,278739)
  p9 (24579,24576,59,89430,163990,1,278589)
  p13 (24579,24576,56,88830,164440,4,278409)
  MP Cycles: 278739
>>>>>>>>>> MPI Alltoall (4,524288)<<<<<<<<<<
  p2 (24579,24576,59,89280,164440,4,278889)
  p6 (24579,24576,58,89280,164290,3,278729)
  p10 (24579,24576,59,89730,163990,1,278889)
  p14 (24579,24576,59,89580,163990,1,278739)
  MP Cycles: 278889
>>>>>>>>>> MPI Alltoall (4,524288)<<<<<<<<<<
  p3 (24579,24576,59,89580,163990,1,278739)
  p7 (24579,24576,59,89430,164140,2,278739)
  p11 (24579,24576,59,89280,164290,3,278739)
  p15 (24579,24576,59,89580,163990,1,278739)
  MP Cycles: 278739
>>>>>>>>>> MPI Reduce (16,16)<<<<<<<<<<
  p0 (Root 3,20,0,20)
  p1 (3,1,10,0,10)
  p2 (3,1,10,0,10)
  p3 (3,1,10,0,10)
  p4 (0,0,0,0,0)
  p5 (3,1,10,0,10)
  p6 (3,1,10,0,10)
  p7 (3,1,10,0,10)
  p8 (3,1,10,0,10)
  p9 (3,1,10,0,10)
  p10 (3,1,10,0,10)
  p11 (0,0,0,0,0)
  p12 (0,0,0,0,0)
  p13 (3,1,10,0,10)
  p14 (3,1,10,0,10)
  p15 (3,1,10,0,10)
  MP Cycles: 20
>>>>>>>>>> Phase 0 End <<<<<<<<<<
  Current Cycles: 106461322
  Current Simulated: 25095491 25086160 25086032 25085904 25085776 25085648 25085520 25085392 25085264 25085136 25085008 25084880 25084752 25084624 25084496 25084368 
>>>>>>>>>> Phase 1 End <<<<<<<<<<
  Current Cycles: 106461323
  Current Simulated: 0 0 0 0 0 0 0 0 0 0 0 0 0 0 0 0 
>>>>>>>>>> Phase 2 End <<<<<<<<<<
  Current Cycles: 106461324
  Current Simulated: 0 0 0 0 0 0 0 0 0 0 0 0 0 0 0 0 
Total Cycles: 106461324
[L1Caches]
Reads            19191524  19185904  19185776  19185648  19185520  19185392  19185264  19185136  19185008  19184880  19184752  19184624  19184496  19184368  19184240  19184112
Read Misses        247714    243399    244218    246094    243622    243572    243792    242607    242898    243408    242802    242827    243464    243985    242873    246130
Writes            5903964   5900253   5900253   5900253   5900253   5900253   5900253   5900253   5900253   5900253   5900253   5900253   5900253   5900253   5900253   5900253
Writes Misses      215728    212620    213455    213077    213174    212022    212845    211831    212016    212972    211893    211972    213051    212080    212127    214806
WritesBacks        257295    253164    254086    254747    253411    253643    253403    253396    253502    253317    253407    253522    253293    253791    253718    256466
DirtyBlocks           226       219       217       217       220       212       218       214       216       216       218       216       217       217       215       219
MP Flushed            475       475       473       473       477       474       475       474       474       475       473       474       478       478       475       474
MP Writebacks         270       271       271       271       272       272       271       272       270       275       271       271       270       268       271       272
[L2Caches]
Reads              247714    243399    244218    246094    243622    243572    243792    242607    242898    243408    242802    242827    243464    243985    242873    246130
Read Misses         20321     20136     20150     20148     20118     20121     20135     20134     20150     20133     20168     20123     20132     20118     20137     20153
Writes             257295    253164    254086    254747    253411    253643    253403    253396    253502    253317    253407    253522    253293    253791    253718    256466
Writes Misses       24334     24247     24265     24221     24241     24256     24203     24252     24262     24244     24256     24249     24195     24256     24212     24201
WritesBacks         18918     18683     18705     18691     18666     18673     18677     18685     18703     18683     18715     18676     18668     18675     18677     18691
DirtyBlocks         15159     15306     15303     15309     15302     15302     15310     15304     15298     15301     15298     15308     15306     15302     15311     15306
MP Flushed          16143     16140     16139     16142     16141     16140     16141     16142     16142     16143     16142     16141     16143     16139     16142     16142
MP Writebacks           0         0         0         0         0         0         0         0         0         0         0         0         0         0         0         0
MP fromCache        16089     16093     16093     16091     16090     16092     16091     16091     16091     16087     16090     16091     16092     16096     16091     16090
MP fromMem            296       293       293       295       295       294       295       295       295       299       296       294       293       290       295       296
MP toCache          16386     16385     16385     16385     16385     16385     16385     16385     16385     16385     16385     16385     16385     16385     16385     16385
MP toMem              243       245       246       243       244       245       244       243       243       242       243       244       242       246       243       243
