>>>>>>>>>> MPI Alltoall (4,524288)<<<<<<<<<<
  p4 (24576,24579,215,81920,81930,7944,3225376)
  p5 (24576,24579,212,81920,81930,7947,3225796)
  p6 (24576,24579,212,81920,81930,7946,3225646)
  p7 (24576,24579,212,81920,81930,7947,3225796)
  MP Cycles: 3225796
>>>>>>>>>> MPI Alltoall (4,524288)<<<<<<<<<<
  p8 (24576,24579,210,81920,81930,7949,3226076)
  p9 (24576,24579,215,81920,81930,7943,3225226)
  p10 (24576,24579,211,81920,81930,7948,3225936)
  p11 (24576,24579,212,81920,81930,7947,3225796)
  MP Cycles: 3226076
>>>>>>>>>> MPI Alltoall (4,524288)<<<<<<<<<<
  p12 (24576,24579,214,81920,81930,7945,3225516)
  p13 (24576,24579,211,81920,81930,7948,3225936)
  p14 (24576,24579,211,81920,81930,7948,3225936)
  p15 (24576,24579,212,81920,81930,7947,3225796)
  MP Cycles: 3225936
>>>>>>>>>> MPI Alltoall (4,524288)<<<<<<<<<<
  p0 (24576,24579,211,81920,81930,7948,3225936)
  p1 (24576,24579,211,81920,81930,7948,3225936)
  p2 (24576,24579,211,81920,81930,7948,3225936)
  p3 (24576,24579,211,81920,81930,7948,3225936)
  MP Cycles: 3225936
>>>>>>>>>> MPI Alltoall (4,524288)<<<<<<<<<<
  p0 (24579,24576,59,81930,81920,8139,3253069)
  p4 (24579,24576,57,81930,81920,8144,3253799)
  p8 (24579,24576,59,81930,81920,8139,3253069)
  p12 (24579,24576,56,81930,81920,8145,3253939)
  MP Cycles: 3253939
>>>>>>>>>> MPI Alltoall (4,524288)<<<<<<<<<<
  p1 (24579,24576,59,81930,81920,8142,3253519)
  p5 (24579,24576,59,81930,81920,8142,3253519)
  p9 (24579,24576,59,81930,81920,8141,3253369)
  p13 (24579,24576,56,81930,81920,8145,3253939)
  MP Cycles: 3253939
>>>>>>>>>> MPI Alltoall (4,524288)<<<<<<<<<<
  p2 (24579,24576,59,81930,81920,8142,3253519)
  p6 (24579,24576,58,81930,81920,8142,3253509)
  p10 (24579,24576,59,81930,81920,8139,3253069)
  p14 (24579,24576,59,81930,81920,8140,3253219)
  MP Cycles: 3253519
>>>>>>>>>> MPI Alltoall (4,524288)<<<<<<<<<<
  p3 (24579,24576,59,81930,81920,8140,3253219)
  p7 (24579,24576,59,81930,81920,8141,3253369)
  p11 (24579,24576,59,81930,81920,8142,3253519)
  p15 (24579,24576,59,81930,81920,8140,3253219)
  MP Cycles: 3253519
>>>>>>>>>> MPI Reduce (16,16)<<<<<<<<<<
  p0 (Root 3,10,10)
  p1 (3,1,10,1,173)
  p2 (3,1,10,1,173)
  p3 (3,1,10,1,173)
  p4 (0,0,0,0,0)
  p5 (3,1,10,1,173)
  p6 (3,1,10,0,23)
  p7 (3,1,10,1,173)
  p8 (3,1,10,1,173)
  p9 (3,1,10,1,173)
  p10 (3,1,10,1,173)
  p11 (0,0,0,0,0)
  p12 (0,0,0,0,0)
  p13 (3,1,10,0,23)
  p14 (3,1,10,0,23)
  p15 (3,1,10,1,173)
  MP Cycles: 173
>>>>>>>>>> Phase 0 End <<<<<<<<<<
  Current Cycles: 112332929
  Current Simulated: 25095491 25086160 25086032 25085904 25085776 25085648 25085520 25085392 25085264 25085136 25085008 25084880 25084752 25084624 25084496 25084368 
>>>>>>>>>> Phase 1 End <<<<<<<<<<
  Current Cycles: 112332930
  Current Simulated: 0 0 0 0 0 0 0 0 0 0 0 0 0 0 0 0 
>>>>>>>>>> Phase 2 End <<<<<<<<<<
  Current Cycles: 112332931
  Current Simulated: 0 0 0 0 0 0 0 0 0 0 0 0 0 0 0 0 
Total Cycles: 112332931
[L1Caches]
Reads            19191524  19185904  19185776  19185648  19185520  19185392  19185264  19185136  19185008  19184880  19184752  19184624  19184496  19184368  19184240  19184112
Read Misses        247714    243399    244218    246094    243622    243572    243792    242607    242898    243408    242802    242827    243464    243985    242873    246130
Writes            5903964   5900253   5900253   5900253   5900253   5900253   5900253   5900253   5900253   5900253   5900253   5900253   5900253   5900253   5900253   5900253
Writes Misses      215728    212620    213455    213077    213174    212022    212845    211831    212016    212972    211893    211972    213051    212080    212127    214806
WritesBacks        257295    253164    254086    254747    253411    253643    253403    253396    253502    253317    253407    253522    253293    253791    253718    256466
DirtyBlocks           226       219       217       217       220       212       218       214       216       216       218       216       217       217       215       219
MP Flushed            475       475       473       473       477       474       475       474       474       475       473       474       478       478       475       474
MP Writebacks         270       271       271       271       272       272       271       272       270       275       271       271       270       268       271       272
[L2Caches]
Reads              247714    243399    244218    246094    243622    243572    243792    242607    242898    243408    242802    242827    243464    243985    242873    246130
Read Misses         36432     36248     36259     36251     36230     36231     36245     36246     36259     36252     36277     36235     36244     36230     36245     36265
Writes             257295    253164    254086    254747    253411    253643    253403    253396    253502    253317    253407    253522    253293    253791    253718    256466
Writes Misses       23882     23801     23812     23764     23802     23807     23753     23808     23811     23803     23805     23805     23754     23813     23763     23757
WritesBacks         18583     18353     18367     18350     18338     18340     18344     18354     18368     18358     18380     18344     18340     18341     18344     18361
DirtyBlocks         15159     15305     15302     15308     15302     15301     15310     15303     15297     15300     15297     15308     15306     15302     15311     15305
MP Flushed          16143     16140     16139     16142     16141     16140     16141     16142     16142     16143     16142     16141     16143     16139     16142     16142
MP Writebacks       16087     16091     16091     16089     16088     16090     16088     16089     16089     16085     16088     16089     16090     16093     16088     16088
