>>>>>>>>>> Phase 0 End <<<<<<<<<<
  Current Cycles: 2470
  Current Simulated: 67 0 0 116 116 0 0 116 0 0 0 116 116 116 0 0 
>>>>>>>>>> Phase 1 End <<<<<<<<<<
  Current Cycles: 22322737
  Current Simulated: 1804355 1804355 1804355 1804355 1804355 1804355 1804355 1804355 1804355 1804355 1804355 1804355 1804355 1804355 1804355 1804355 
>>>>>>>>>> Phase 2 End <<<<<<<<<<
  Current Cycles: 22324958
  Current Simulated: 147 0 0 116 116 0 0 0 0 0 0 0 0 0 0 0 
>>>>>>>>>> Phase 3 End <<<<<<<<<<
  Current Cycles: 63730250
  Current Simulated: 5765528 5765528 5765528 5765528 5765528 5765528 5765528 5765528 5765528 5765528 5765528 5765528 5765528 5765528 5765528 5765528 
>>>>>>>>>> Phase 4 End <<<<<<<<<<
  Current Cycles: 63732033
  Current Simulated: 157 0 0 0 0 0 0 0 0 0 0 0 0 0 0 0 
>>>>>>>>>> Phase 5 End <<<<<<<<<<
  Current Cycles: 116785196
  Current Simulated: 7369640 7369640 7369640 7369640 7369640 7369640 7369640 7369640 7369640 7369640 7369640 7369640 7369640 7369640 7369640 7369640 
>>>>>>>>>> Phase 6 End <<<<<<<<<<
  Current Cycles: 116786967
  Current Simulated: 157 0 0 0 116 0 0 0 0 116 0 0 43 44 116 0 
>>>>>>>>>> Phase 7 End <<<<<<<<<<
  Current Cycles: 169777755
  Current Simulated: 7361416 7361416 7361416 7361416 7361416 7361416 7361416 7361416 7361416 7361416 7361416 7361416 7361417 7361470 7361416 7361416 
>>>>>>>>>> Phase 8 End <<<<<<<<<<
  Current Cycles: 169779416
  Current Simulated: 43 116 116 116 116 0 116 116 116 116 115 0 116 0 116 116 
>>>>>>>>>> Phase 9 End <<<<<<<<<<
  Current Cycles: 169829782
  Current Simulated: 2272 2272 2272 2272 2272 2272 2272 2272 2272 2272 2272 2272 2781 2272 2272 2272 
>>>>>>>>>> Phase 10 End <<<<<<<<<<
  Current Cycles: 169963186
  Current Simulated: 11183 0 0 0 0 0 116 0 0 0 0 0 0 0 0 0 
>>>>>>>>>> Phase 11 End <<<<<<<<<<
  Current Cycles: 169963187
  Current Simulated: 0 0 0 0 0 0 0 0 0 0 0 0 0 0 0 0 
>>>>>>>>>> Phase 12 End <<<<<<<<<<
  Current Cycles: 169963188
  Current Simulated: 0 0 0 0 0 0 0 0 0 0 0 0 0 0 0 0 
Total Cycles: 169963188
[L1Caches]
Reads            16946186  16939050  16939050  16939278  16939392  16938936  16939164  16939164  16939050  16939164  16939049  16939050  16939539  16939146  16939164  16939050
Read Misses        217527    217369    217319    217016    217502    217317    216976    217559    217302    216976    216977    217344    217369    217531    217370    217008
Writes            5368779   5364277   5364277   5364281   5364283   5364275   5364279   5364279   5364277   5364279   5364277   5364277   5364457   5364279   5364279   5364277
Writes Misses      215671    214999    214964    215287    214524    214975    215263    214543    214952    215256    215251    214991    214595    214535    214992    215270
Invalidated            49        38        49        45        47        55        43        48        62        49        44        56        35        44        58        42
[L2Caches]
Reads              217527    217369    217319    217016    217502    217317    216976    217559    217302    216976    216977    217344    217369    217531    217370    217008
Read Misses         38306     38068     38080     38096     38100     38085     38084     38083     38079     38086     38083     38073     38000     38030     37998     38014
Writes            5368779   5364277   5364277   5364281   5364283   5364275   5364279   5364279   5364277   5364279   5364277   5364277   5364457   5364279   5364279   5364277
Writes Misses       13583     13368     13362     13337     13331     13310     13411     13363     13381     13436     13364     13298     13456     13367     13259     13435
WritesBacks         42031     41875     41807     41874     41885     41842     41940     41887     41800     41986     41921     41844     42027     42032     41953     42196
Invalidates          5458      5134      5224      5162      5133      5147      5106      5097      5209      5093      5091      5131      5125      5048      4996      4965
Invalidated           315       343       330       315       332       322       366       380       369       361       355       312       219       234       227       204
Read                 2462      2375      2089      1429      1899      1457      1350      1196      1386      1101      1054       858       549       551       444       288
Exclusived            246       223       228       226       226       233       230       254       411       421       293       330       349       289       307       353
DirtyBlocks          3700      3917      3908      3910      3912      3915      3913      3909      3915      3910      3912      3915      3899      3913      3914      3913
[Dir  0  ]
MemReads       36753
MemWrites      42037
MemFootPrint   22781
req.s from L2        3248      3166      3170      3172      3178      3162      3220      3175      3181      3192      3165      3166      3228      3222      3288      3249
WB.s  from L2        2619      2551      2595      2558      2569      2567      2641      2596      2599      2620      2561      2562      2586      2578      2639      2624
inv.s from L2         350       323       298       322       317       309       300       297       301       291       317       315       312       303       329       309
inv.s   to L2          15        29        16        28        31        25        15        21        18        20        27        25        22        25         6        10
read.s  to L2          52       609        34        62        66        66        26        27        23        19        56        50        38        35         9        11
exclu.s to L2          17         9        16        12        13        14        15        18        26        29        15        20        26        15        22        19
[Dir  1  ]
MemReads       36756
MemWrites      42626
MemFootPrint   22785
req.s from L2        3264      3227      3234      3236      3239      3241      3265      3268      3242      3234      3226      3253      3280      3310      3312      3272
WB.s  from L2        2665      2586      2634      2593      2600      2608      2660      2628      2635      2637      2592      2596      2624      2630      2670      2642
inv.s from L2         314       343       314       348       341       338       317       347       317       307       332       363       328       339       318       308
inv.s   to L2          25        37        26        38        39        36        27        33        31        29        43        32        22        28        19        17
read.s  to L2         879        88        58        64        66        81        42        31        31        33        68        50        38        46        19        14
exclu.s to L2          15        11        15        13        16        14        16        17        29        31        17        20        24        16        24        33
[Dir  2  ]
MemReads       36754
MemWrites      41922
MemFootPrint   22776
req.s from L2        3218      3200      3169      3167      3194      3163      3165      3201      3179      3175      3172      3200      3215      3216      3204      3284
WB.s  from L2        2621      2595      2592      2552      2553      2562      2564      2624      2592      2599      2599      2571      2566      2574      2574      2638
inv.s from L2         318       326       299       326       351       314       310       301       307       295       292       342       323       307       303       320
inv.s   to L2          16        16        15        26        27        26        28        14        18        17        19        23        19        20        20         4
read.s  to L2          49       119        29       537        59        51        64        25        27        22        19        53        41        36        32         5
exclu.s to L2          14        11        13        10        12        13        12        17        24        25        18        16        23        24        16        24
[Dir  3  ]
MemReads       36773
MemWrites      42473
MemFootPrint   22796
req.s from L2        3260      3211      3234      3209      3210      3205      3207      3246      3259      3245      3222      3207      3292      3256      3244      3296
WB.s  from L2        2646      2634      2633      2585      2592      2593      2598      2658      2625      2642      2635      2589      2605      2606      2610      2673
inv.s from L2         335       299       325       336       331       325       319       312       354       323       308       328       361       317       312       304
inv.s   to L2          16        15        14        25        26        25        27        14        18        17        17        28        17        17        17         4
read.s  to L2          49        81       697        62        55        54        65        41        27        24        21        56        38        38        31         4
exclu.s to L2          13        13        16        10        12        12        14        18        25        24        26        21        22        15        17        20
[Dir  4  ]
MemReads       36794
MemWrites      42289
MemFootPrint   22796
req.s from L2        3255      3188      3232      3233      3184      3225      3186      3215      3241      3193      3193      3188      3238      3231      3218      3232
WB.s  from L2        2665      2619      2626      2636      2575      2588      2583      2601      2652      2617      2619      2622      2584      2593      2596      2604
inv.s from L2         316       291       329       321       320       349       312       324       313       295       293       288       321       307       302       296
inv.s   to L2          11        16        15        13        26        26        29        27        14        18        18        16        17        18        18        18
read.s  to L2         218        44        30        14        58       496        52        45        24        25        23        16        40        37        32        26
exclu.s to L2          13        14        15         8         9        11        12        12        22        33        14        18        12        14        15        18
[Dir  5  ]
MemReads       36791
MemWrites      43090
MemFootPrint   22805
req.s from L2        3385      3270      3275      3276      3269      3305      3276      3266      3305      3306      3272      3280      3311      3312      3301      3313
WB.s  from L2        2714      2667      2666      2676      2625      2639      2636      2637      2690      2664      2669      2670      2629      2646      2642      2654
inv.s from L2         396       326       331       323       356       378       350       337       341       361       327       332       351       338       338       328
inv.s   to L2          12        16        17        14        28        27        30        29        15        17        17        15        23        17        18        17
read.s  to L2          96       314        35        14       849        55        59        50        35        39        25        19        47        35        41        27
exclu.s to L2          16        16        13        13        12        12        21        18        30        28        19        19        19        25        24        26
[Dir  6  ]
MemReads       36975
MemWrites      42944
MemFootPrint   22806
req.s from L2        3244      3250      3276      3273      3247      3236      3241      3237      3242      3279      3248      3245      3283      3331      3271      3282
WB.s  from L2        2609      2664      2695      2678      2670      2622      2623      2630      2631      2696      2661      2665      2660      2644      2639      2649
inv.s from L2         350       310       308       320       302       328       328       317       322       309       310       302       306       358       315       306
inv.s   to L2          23        15        11        12        12        25        28        28        27        12        15        14        10        17        16        16
read.s  to L2          94        80       210        17        12        57        54       350        43        20        34        20        10        36        33        26
exclu.s to L2          12        16        13        10        18        12        10        11        23        25        16        17        19        18        17        20
[Dir  7  ]
MemReads       36772
MemWrites      42826
MemFootPrint   22811
req.s from L2        3244      3236      3289      3231      3234      3208      3270      3224      3218      3260      3273      3214      3272      3265      3250      3272
WB.s  from L2        2608      2658      2677      2663      2668      2600      2624      2622      2615      2686      2660      2643      2658      2629      2622      2644
inv.s from L2         351       301       338       294       291       322       356       311       314       298       338       296       297       308       308       298
inv.s   to L2          23        15        11        12        12        25        29        28        27        14        13        12         8        22        16        16
read.s  to L2          86        76        81       143        18        59       382        53        44        24        22        20         9        42        32        27
exclu.s to L2          14        20        14        20        15        14        12        13        25        26        18        20        19        16        23        24
[Dir  8  ]
MemReads       36856
MemWrites      42684
MemFootPrint   22809
req.s from L2        3275      3257      3218      3226      3226      3211      3218      3225      3212      3221      3256      3213      3269      3262      3276      3292
WB.s  from L2        2602      2682      2607      2652      2654      2644      2606      2613      2605      2625      2684      2636      2655      2653      2617      2639
inv.s from L2         387       303       325       300       297       293       324       321       320       307       301       302       299       293       340       323
inv.s   to L2          24        11        24        12        12        12        26        28        26        26         9        12         8        12        17        17
read.s  to L2         203        43        65        19       203        35        58        53        45       285        18        22        21        13        32        27
exclu.s to L2          22        15        19        14        11        12        10        11        25        22        19        17        19        17        18        17
[Dir  9  ]
MemReads       36787
MemWrites      42878
MemFootPrint   22791
req.s from L2        3271      3294      3250      3245      3259      3245      3252      3279      3244      3254      3290      3283      3306      3324      3287      3305
WB.s  from L2        2616      2683      2622      2649      2666      2658      2620      2623      2614      2632      2692      2643      2668      2675      2632      2648
inv.s from L2         367       337       341       320       317       312       343       366       342       333       320       365       323       334       341       327
inv.s   to L2          23        14        26        15        15        15        28        30        28        27        17        13         8        11        21        19
read.s  to L2         100       215        57        21        71       225        59        54       484        45        29        22        18        15        64        26
exclu.s to L2          16        17        15        15        14        16        14        16        27        26        20        20        28        16        19        34
[Dir 10  ]
MemReads       36869
MemWrites      42676
MemFootPrint   22811
req.s from L2        3242      3250      3222      3247      3268      3214      3229      3224      3221      3223      3232      3281      3277      3270      3239      3306
WB.s  from L2        2607      2612      2609      2669      2645      2640      2656      2608      2598      2620      2625      2679      2651      2655      2639      2629
inv.s from L2         348       351       327       307       348       300       297       325       334       314       317       328       310       300       296       347
inv.s   to L2          26        27        27        13        16        16        19        31        30        30        30        12         8        12        13        20
read.s  to L2          87       108       223        21        24        16       153        68        51       131        43       193        13        13        15        33
exclu.s to L2          12        14        14        15        15        14        15        13        25        24        16        23        17        22        16        22
[Dir 11  ]
MemReads       36854
MemWrites      42792
MemFootPrint   22812
req.s from L2        3218      3231      3216      3256      3239      3224      3239      3233      3261      3259      3251      3266      3325      3279      3248      3273
WB.s  from L2        2604      2625      2605      2673      2658      2649      2665      2615      2609      2628      2632      2676      2659      2664      2649      2644
inv.s from L2         327       320       324       311       304       301       297       326       362       341       329       312       350       301       296       304
inv.s   to L2          23        25        24        11        14        14        17        29        29        27        27        14         6         8         9        18
read.s  to L2          84       104        99       142        24        18        63       195        53        51       244        23        14        13         9        28
exclu.s to L2          16        16        14        17        14        18        17        14        28        20        25        28        18        19        15        18
[Dir 12  ]
MemReads       36826
MemWrites      42336
MemFootPrint   22796
req.s from L2        3241      3218      3231      3229      3240      3236      3231      3242      3220      3220      3218      3205      3305      3250      3244      3275
WB.s  from L2        2605      2596      2573      2585      2647      2616      2637      2634      2580      2597      2600      2592      2667      2619      2620      2642
inv.s from L2         350       335       370       361       320       348       317       330       352       334       331       324       323       318       318       324
inv.s   to L2          24        25        25        22        11        13        14        16        26        26        25        24         2         7         8         4
read.s  to L2         272        82        65        44       240        50        21        16       362        59        47        39        12       148        11         6
exclu.s to L2          25        13        14        16        15        18        13        17        24        30        18        22        27        16        17        19
[Dir 13  ]
MemReads       36739
MemWrites      42040
MemFootPrint   22793
req.s from L2        3206      3181      3168      3167      3206      3202      3192      3171      3175      3208      3166      3167      3263      3216      3200      3226
WB.s  from L2        2582      2574      2556      2569      2625      2605      2611      2600      2553      2574      2567      2569      2642      2601      2600      2621
inv.s from L2         336       317       323       314       306       323       303       292       330       345       312       309       302       297       293       290
inv.s   to L2          27        28        27        26        13        15        17        18        30        27        27        25         9         9        11         8
read.s  to L2          92       178        62        47        53       144        28        19       101       166        48        44       139        15        24         8
exclu.s to L2          12        13        15        17        15        17        21        20        25        27        17        24        28        18        23        23
[Dir 14  ]
MemReads       36759
MemWrites      42046
MemFootPrint   22787
req.s from L2        3222      3188      3168      3200      3178      3202      3191      3177      3181      3187      3168      3168      3225      3292      3203      3230
WB.s  from L2        2637      2573      2553      2576      2571      2628      2611      2601      2602      2578      2562      2568      2585      2634      2601      2622
inv.s from L2         309       325       326       339       319       303       301       296       301       320       317       313       310       332       295       292
inv.s   to L2          13        27        26        24        25        11        16        17        16        26        26        24        21         3         9         8
read.s  to L2          50       122       238        53        49        23       155        29        17        98       255        53        36        14        12        11
exclu.s to L2          13        11        10        16        19        19        13        18        26        24        16        23        23        19        21        15
[Dir 15  ]
MemReads       36719
MemWrites      42023
MemFootPrint   22779
req.s from L2        3212      3172      3199      3166      3168      3199      3217      3171      3177      3182      3197      3162      3227      3253      3207      3229
WB.s  from L2        2631      2556      2564      2560      2567      2623      2605      2597      2600      2571      2563      2563      2588      2631      2603      2623
inv.s from L2         304       327       346       320       313       304       332       295       299       320       347       312       309       296       292       289
inv.s   to L2          14        27        26        24        25        11        16        17        16        28        25        23        19         8         9         8
read.s  to L2          51       112       106       169        52        27        69       140        19        60       102       178        35        15        48         9
exclu.s to L2          16        14        12        20        16        17        15        21        27        27        19        22        25        19        20        21
