>>>>>>>>>> MPI Alltoall (4,524288)<<<<<<<<<<
  p4 (24576,24579,215,81920,81930,7977,3230326)
  p5 (24576,24579,212,81920,81930,7980,3230746)
  p6 (24576,24579,212,81920,81930,7980,3230746)
  p7 (24576,24579,212,81920,81930,7980,3230746)
  MP Cycles: 3230746
>>>>>>>>>> MPI Alltoall (4,524288)<<<<<<<<<<
  p8 (24576,24579,210,81920,81930,7982,3231026)
  p9 (24576,24579,215,81920,81930,7977,3230326)
  p10 (24576,24579,211,81920,81930,7981,3230886)
  p11 (24576,24579,212,81920,81930,7980,3230746)
  MP Cycles: 3231026
>>>>>>>>>> MPI Alltoall (4,524288)<<<<<<<<<<
  p12 (24576,24579,214,81920,81930,7978,3230466)
  p13 (24576,24579,211,81920,81930,7981,3230886)
  p14 (24576,24579,211,81920,81930,7981,3230886)
  p15 (24576,24579,212,81920,81930,7980,3230746)
  MP Cycles: 3230886
>>>>>>>>>> MPI Alltoall (4,524288)<<<<<<<<<<
  p0 (24576,24579,211,81920,81930,7981,3230886)
  p1 (24576,24579,211,81920,81930,7981,3230886)
  p2 (24576,24579,211,81920,81930,7981,3230886)
  p3 (24576,24579,211,81920,81930,7981,3230886)
  MP Cycles: 3230886
>>>>>>>>>> MPI Alltoall (4,524288)<<<<<<<<<<
  p0 (24579,24576,59,81930,81920,8142,3253519)
  p4 (24579,24576,57,81930,81920,8144,3253799)
  p8 (24579,24576,59,81930,81920,8142,3253519)
  p12 (24579,24576,56,81930,81920,8145,3253939)
  MP Cycles: 3253939
>>>>>>>>>> MPI Alltoall (4,524288)<<<<<<<<<<
  p1 (24579,24576,59,81930,81920,8142,3253519)
  p5 (24579,24576,59,81930,81920,8142,3253519)
  p9 (24579,24576,59,81930,81920,8142,3253519)
  p13 (24579,24576,56,81930,81920,8145,3253939)
  MP Cycles: 3253939
>>>>>>>>>> MPI Alltoall (4,524288)<<<<<<<<<<
  p2 (24579,24576,59,81930,81920,8142,3253519)
  p6 (24579,24576,58,81930,81920,8142,3253509)
  p10 (24579,24576,59,81930,81920,8142,3253519)
  p14 (24579,24576,59,81930,81920,8142,3253519)
  MP Cycles: 3253519
>>>>>>>>>> MPI Alltoall (4,524288)<<<<<<<<<<
  p3 (24579,24576,59,81930,81920,8142,3253519)
  p7 (24579,24576,59,81930,81920,8142,3253519)
  p11 (24579,24576,59,81930,81920,8142,3253519)
  p15 (24579,24576,59,81930,81920,8142,3253519)
  MP Cycles: 3253519
>>>>>>>>>> MPI Reduce (16,16)<<<<<<<<<<
  p0 (Root 3,10,10)
  p1 (3,1,10,1,173)
  p2 (3,1,10,1,173)
  p3 (3,1,10,1,173)
  p4 (0,0,0,0,0)
  p5 (3,1,10,1,173)
  p6 (3,1,10,1,173)
  p7 (3,1,10,1,173)
  p8 (3,1,10,1,173)
  p9 (3,1,10,1,173)
  p10 (3,1,10,1,173)
  p11 (0,0,0,0,0)
  p12 (0,0,0,0,0)
  p13 (3,1,10,1,173)
  p14 (3,1,10,1,173)
  p15 (3,1,10,1,173)
  MP Cycles: 173
>>>>>>>>>> Phase 0 End <<<<<<<<<<
  Current Cycles: 112330344
  Current Simulated: 25095491 25086160 25086032 25085904 25085776 25085648 25085520 25085392 25085264 25085136 25085008 25084880 25084752 25084624 25084496 25084368 
>>>>>>>>>> Phase 1 End <<<<<<<<<<
  Current Cycles: 112330345
  Current Simulated: 0 0 0 0 0 0 0 0 0 0 0 0 0 0 0 0 
>>>>>>>>>> Phase 2 End <<<<<<<<<<
  Current Cycles: 112330346
  Current Simulated: 0 0 0 0 0 0 0 0 0 0 0 0 0 0 0 0 
Total Cycles: 112330346
[L1Caches]
Reads            19191524  19185904  19185776  19185648  19185520  19185392  19185264  19185136  19185008  19184880  19184752  19184624  19184496  19184368  19184240  19184112
Read Misses        247714    243399    244218    246094    243622    243572    243792    242607    242898    243408    242802    242827    243464    243985    242873    246130
Writes            5903964   5900253   5900253   5900253   5900253   5900253   5900253   5900253   5900253   5900253   5900253   5900253   5900253   5900253   5900253   5900253
Writes Misses      215728    212620    213455    213077    213174    212022    212845    211831    212016    212972    211893    211972    213051    212080    212127    214806
WritesBacks        257295    253164    254086    254747    253411    253643    253403    253396    253502    253317    253407    253522    253293    253791    253718    256466
DirtyBlocks           226       219       217       217       220       212       218       214       216       216       218       216       217       217       215       219
MP Flushed            475       475       473       473       477       474       475       474       474       475       473       474       478       478       475       474
MP Writebacks         270       271       271       271       272       272       271       272       270       275       271       271       270       268       271       272
[L2Caches]
Reads              247714    243399    244218    246094    243622    243572    243792    242607    242898    243408    242802    242827    243464    243985    242873    246130
Read Misses         28886     28716     28716     28716     28716     28716     28716     28716     28716     28716     28716     28716     28716     28716     28716     28716
Writes             257295    253164    254086    254747    253411    253643    253403    253396    253502    253317    253407    253522    253293    253791    253718    256466
Writes Misses       17826     17821     17822     17822     17821     17821     17821     17821     17822     17821     17822     17821     17821     17821     17821     17821
WritesBacks             0         0         0         0         0         0         0         0         0         0         0         0         0         0         0         0
DirtyBlocks         25883     25808     25811     25810     25809     25814     25808     25813     25811     25810     25810     25813     25810     25810     25812     25808
MP Flushed          16386     16385     16385     16385     16385     16385     16385     16385     16385     16385     16385     16385     16385     16385     16385     16385
MP Writebacks       16123     16124     16124     16124     16121     16123     16123     16123     16125     16120     16124     16122     16123     16127     16124     16123
