>>>>>>>>>> MPI Alltoall (4,524288)<<<<<<<<<<
  p4 (24576,24579,215,114170,163860,0,304756)
  p5 (24576,24579,212,113720,163860,0,304276)
  p6 (24576,24579,212,113720,163860,0,304276)
  p7 (24576,24579,212,113720,163860,0,304276)
  MP Cycles: 304756
>>>>>>>>>> MPI Alltoall (4,524288)<<<<<<<<<<
  p8 (24576,24579,210,113420,163860,0,303956)
  p9 (24576,24579,215,114170,163860,0,304756)
  p10 (24576,24579,211,113570,163860,0,304116)
  p11 (24576,24579,212,113720,163860,0,304276)
  MP Cycles: 304756
>>>>>>>>>> MPI Alltoall (4,524288)<<<<<<<<<<
  p12 (24576,24579,214,114020,163860,0,304596)
  p13 (24576,24579,211,113570,163860,0,304116)
  p14 (24576,24579,211,113570,163860,0,304116)
  p15 (24576,24579,212,113720,163860,0,304276)
  MP Cycles: 304596
>>>>>>>>>> MPI Alltoall (4,524288)<<<<<<<<<<
  p0 (24576,24579,211,113570,163860,0,304116)
  p1 (24576,24579,211,113570,163860,0,304116)
  p2 (24576,24579,211,113570,163860,0,304116)
  p3 (24576,24579,211,113570,163860,0,304116)
  MP Cycles: 304116
>>>>>>>>>> MPI Alltoall (4,524288)<<<<<<<<<<
  p0 (24579,24576,59,81930,163840,0,270939)
  p4 (24579,24576,57,81930,163840,0,270919)
  p8 (24579,24576,59,81930,163840,0,270939)
  p12 (24579,24576,56,81930,163840,0,270909)
  MP Cycles: 270939
>>>>>>>>>> MPI Alltoall (4,524288)<<<<<<<<<<
  p1 (24579,24576,59,81930,163840,0,270939)
  p5 (24579,24576,59,81930,163840,0,270939)
  p9 (24579,24576,59,81930,163840,0,270939)
  p13 (24579,24576,56,81930,163840,0,270909)
  MP Cycles: 270939
>>>>>>>>>> MPI Alltoall (4,524288)<<<<<<<<<<
  p2 (24579,24576,59,81930,163840,0,270939)
  p6 (24579,24576,58,81930,163840,0,270929)
  p10 (24579,24576,59,81930,163840,0,270939)
  p14 (24579,24576,59,81930,163840,0,270939)
  MP Cycles: 270939
>>>>>>>>>> MPI Alltoall (4,524288)<<<<<<<<<<
  p3 (24579,24576,59,81930,163840,0,270939)
  p7 (24579,24576,59,81930,163840,0,270939)
  p11 (24579,24576,59,81930,163840,0,270939)
  p15 (24579,24576,59,81930,163840,0,270939)
  MP Cycles: 270939
>>>>>>>>>> MPI Reduce (16,16)<<<<<<<<<<
  p0 (Root 3,20,0,20)
  p1 (3,1,10,0,10)
  p2 (3,1,10,0,10)
  p3 (3,1,10,0,10)
  p4 (0,0,0,0,0)
  p5 (3,1,10,0,10)
  p6 (3,1,10,0,10)
  p7 (3,1,10,0,10)
  p8 (3,1,10,0,10)
  p9 (3,1,10,0,10)
  p10 (3,1,10,0,10)
  p11 (0,0,0,0,0)
  p12 (0,0,0,0,0)
  p13 (3,1,10,0,10)
  p14 (3,1,10,0,10)
  p15 (3,1,10,0,10)
  MP Cycles: 20
>>>>>>>>>> Phase 0 End <<<<<<<<<<
  Current Cycles: 106404455
  Current Simulated: 25095491 25086160 25086032 25085904 25085776 25085648 25085520 25085392 25085264 25085136 25085008 25084880 25084752 25084624 25084496 25084368 
>>>>>>>>>> Phase 1 End <<<<<<<<<<
  Current Cycles: 106404456
  Current Simulated: 0 0 0 0 0 0 0 0 0 0 0 0 0 0 0 0 
>>>>>>>>>> Phase 2 End <<<<<<<<<<
  Current Cycles: 106404457
  Current Simulated: 0 0 0 0 0 0 0 0 0 0 0 0 0 0 0 0 
Total Cycles: 106404457
[L1Caches]
Reads            19191524  19185904  19185776  19185648  19185520  19185392  19185264  19185136  19185008  19184880  19184752  19184624  19184496  19184368  19184240  19184112
Read Misses        247714    243399    244218    246094    243622    243572    243792    242607    242898    243408    242802    242827    243464    243985    242873    246130
Writes            5903964   5900253   5900253   5900253   5900253   5900253   5900253   5900253   5900253   5900253   5900253   5900253   5900253   5900253   5900253   5900253
Writes Misses      215728    212620    213455    213077    213174    212022    212845    211831    212016    212972    211893    211972    213051    212080    212127    214806
WritesBacks        257295    253164    254086    254747    253411    253643    253403    253396    253502    253317    253407    253522    253293    253791    253718    256466
DirtyBlocks           226       219       217       217       220       212       218       214       216       216       218       216       217       217       215       219
MP Flushed            475       475       473       473       477       474       475       474       474       475       473       474       478       478       475       474
MP Writebacks         270       271       271       271       272       272       271       272       270       275       271       271       270       268       271       272
[L2Caches]
Reads              247714    243399    244218    246094    243622    243572    243792    242607    242898    243408    242802    242827    243464    243985    242873    246130
Read Misses         12500     12331     12331     12331     12331     12331     12331     12331     12331     12331     12331     12331     12331     12331     12331     12331
Writes             257295    253164    254086    254747    253411    253643    253403    253396    253502    253317    253407    253522    253293    253791    253718    256466
Writes Misses       17826     17821     17822     17822     17821     17821     17821     17821     17822     17821     17822     17821     17821     17821     17821     17821
WritesBacks             0         0         0         0         0         0         0         0         0         0         0         0         0         0         0         0
DirtyBlocks         25883     25809     25812     25811     25809     25815     25809     25814     25812     25811     25811     25813     25810     25811     25813     25809
MP Flushed          16386     16385     16385     16385     16385     16385     16385     16385     16385     16385     16385     16385     16385     16385     16385     16385
MP Writebacks           0         0         0         0         0         0         0         0         0         0         0         0         0         0         0         0
MP fromCache        16174     16175     16175     16175     16170     16174     16174     16174     16176     16171     16175     16173     16171     16175     16175     16174
MP fromMem            211       211       211       211       215       212       212       212       210       215       211       212       214       211       211       212
MP toCache          16386     16385     16385     16385     16385     16385     16385     16385     16385     16385     16385     16385     16385     16385     16385     16385
MP toMem                0         0         0         0         0         0         0         0         0         0         0         0         0         0         0         0
