>>>>>>>>>> Phase 0 End <<<<<<<<<<
  Current Cycles: 2470
  Current Simulated: 67 0 0 116 116 0 0 116 0 0 0 116 116 116 0 0 
>>>>>>>>>> Phase 1 End <<<<<<<<<<
  Current Cycles: 21628356
  Current Simulated: 1804355 1804355 1804355 1804355 1804355 1804355 1804355 1804355 1804355 1804355 1804355 1804355 1804355 1804355 1804355 1804355 
>>>>>>>>>> Phase 2 End <<<<<<<<<<
  Current Cycles: 21630577
  Current Simulated: 147 0 0 116 116 0 0 0 0 0 0 0 0 0 0 0 
>>>>>>>>>> Phase 3 End <<<<<<<<<<
  Current Cycles: 62055133
  Current Simulated: 5765528 5765528 5765528 5765528 5765528 5765528 5765528 5765528 5765528 5765528 5765528 5765528 5765528 5765528 5765528 5765528 
>>>>>>>>>> Phase 4 End <<<<<<<<<<
  Current Cycles: 62056588
  Current Simulated: 157 0 0 0 0 0 0 0 0 0 0 0 0 0 0 0 
>>>>>>>>>> Phase 5 End <<<<<<<<<<
  Current Cycles: 114352683
  Current Simulated: 7369640 7369640 7369640 7369640 7369640 7369640 7369640 7369640 7369640 7369640 7369640 7369640 7369640 7369640 7369640 7369640 
>>>>>>>>>> Phase 6 End <<<<<<<<<<
  Current Cycles: 114354145
  Current Simulated: 157 0 0 0 116 0 0 0 0 116 0 0 43 44 116 0 
>>>>>>>>>> Phase 7 End <<<<<<<<<<
  Current Cycles: 164770509
  Current Simulated: 7361416 7361416 7361416 7361416 7361416 7361416 7361416 7361416 7361416 7361416 7361416 7361416 7361417 7361470 7361416 7361416 
>>>>>>>>>> Phase 8 End <<<<<<<<<<
  Current Cycles: 164771749
  Current Simulated: 43 116 116 116 116 0 116 116 116 116 115 0 116 0 116 116 
>>>>>>>>>> Phase 9 End <<<<<<<<<<
  Current Cycles: 164813565
  Current Simulated: 2272 2272 2272 2272 2272 2272 2272 2272 2272 2272 2272 2272 2781 2272 2272 2272 
>>>>>>>>>> Phase 10 End <<<<<<<<<<
  Current Cycles: 164946162
  Current Simulated: 11183 0 0 0 0 0 116 0 0 0 0 0 0 0 0 0 
>>>>>>>>>> Phase 11 End <<<<<<<<<<
  Current Cycles: 164946163
  Current Simulated: 0 0 0 0 0 0 0 0 0 0 0 0 0 0 0 0 
>>>>>>>>>> Phase 12 End <<<<<<<<<<
  Current Cycles: 164946164
  Current Simulated: 0 0 0 0 0 0 0 0 0 0 0 0 0 0 0 0 
Total Cycles: 164946164
[L1Caches]
Reads            16946186  16939050  16939050  16939278  16939392  16938936  16939164  16939164  16939050  16939164  16939049  16939050  16939539  16939146  16939164  16939050
Read Misses        217517    217361    217304    217009    217492    217308    216967    217549    217292    216968    216972    217336    217358    217517    217357    216995
Writes            5368779   5364277   5364277   5364281   5364283   5364275   5364279   5364279   5364277   5364279   5364277   5364277   5364457   5364279   5364279   5364277
Writes Misses      215670    215001    214964    215286    214524    214975    215263    214542    214953    215255    215250    214992    214596    214534    214991    215271
Invalidated            12        20        22        24        25        20        22        25        27        28        26        23        16        21        25        18
[L2Caches]
Reads              217517    217361    217304    217009    217492    217308    216967    217549    217292    216968    216972    217336    217358    217517    217357    216995
Read Misses         28755     28788     28531     28856     28706     28692     28760     28824     28768     28776     28828     28822     28726     28671     28602     28392
Writes            5368779   5364277   5364277   5364281   5364283   5364275   5364279   5364279   5364277   5364279   5364277   5364277   5364457   5364279   5364279   5364277
Writes Misses       10457     10383     10385     10382     10385     10382     10385     10383     10384     10385     10382     10384     10383     10382     10387     10386
WritesBacks         15760     15147     14851     16125     15472     15297     15860     15465     15391     15349     15443     15768     14911     14577     15180     15978
Invalidates          3974      3527      3313      3749      4097      3762      3299      3184      3063      3694      3820      3728      3226      3380      3670      3795
Invalidated          6382      6917      7491      6099      7154      6946      6331      6748      7544      7597      7248      6276      7138      7661      6987      5658
Read                 7046      7895      7986      7324      8127      7668      7002      7594      8140      8129      7705      6802      7354      7855      7096      5839
Exclusived            669        77       723       153       229       334       366       295       490       373       479       568       551       419       500       423
DirtyBlocks         12249     12107     12079     11668     11496     12059     12137     11935     11431     11506     11852     12395     12531     12368     12432     12656
[Dir  0  ]
MemReads       21252
MemWrites      22709
MemFootPrint   22781
req.s from L2        3110      2812      2894      2900      2871      2801      2859      2790      2739      2757      2761      2748      2892      2958      3046      2995
WB.s  from L2         996       916       934       988       966       961      1020       972       964       972       938       964       936       920       972       999
inv.s from L2         236       262       196       257       251       210       210       190       195       217       245       232       195       212       227       237
inv.s   to L2         395       416       469       374       451       447       390       422       457       470       467       409       449       465       444       348
read.s  to L2         401       600       479       462       502       471       432       457       492       480       495       436       455       473       451       358
exclu.s to L2          34         1        40         7        16        35        24        20        33        26        28        37        36        29        31        25
[Dir  1  ]
MemReads       21198
MemWrites      22809
MemFootPrint   22785
req.s from L2        3131      2827      2917      2917      2891      2829      2869      2810      2763      2776      2777      2768      2897      2971      3062      3007
WB.s  from L2         998       921       940       986       964       964      1010       977       966       969       934       964       933       924       972      1001
inv.s from L2         239       250       197       262       263       220       206       183       194       229       239       233       195       215       227       234
inv.s   to L2         401       440       478       386       453       451       422       439       472       479       492       424       457       474       459       361
read.s  to L2         597       509       490       467       508       495       449       459       499       507       508       446       460       485       448       361
exclu.s to L2          21         5        29         5        12        29        32        21        32        27        33        41        42        33        34        31
[Dir  2  ]
MemReads       21268
MemWrites      22684
MemFootPrint   22776
req.s from L2        3126      2809      2908      2893      2869      2814      2801      2839      2747      2753      2759      2757      2887      2952      2982      3052
WB.s  from L2         995       979       934       978       954       954       986       997       964       956       978       949       918       913       957      1030
inv.s from L2         243       180       197       249       272       228       190       192       182       234       218       232       195       213       229       234
inv.s   to L2         392       435       465       388       437       437       409       424       470       466       454       423       461       469       421       350
read.s  to L2         408       456       468       598       492       459       433       463       492       495       456       456       467       478       426       358
exclu.s to L2          15         5        27         3         7        17        28        16        31        23        28        25        30        25        31        23
[Dir  3  ]
MemReads       21215
MemWrites      22697
MemFootPrint   22796
req.s from L2        3120      2816      2899      2895      2877      2820      2811      2838      2755      2762      2764      2759      2888      2952      2985      3052
WB.s  from L2         992       972       934       977       950       953       988       977       962       955       976       948       911       907       958      1022
inv.s from L2         245       189       201       246       266       238       198       207       188       242       231       244       193       211       229       242
inv.s   to L2         390       432       463       392       447       429       403       429       471       465       445       413       469       477       420       350
read.s  to L2         412       461       609       469       497       465       443       484       494       498       457       451       474       490       425       366
exclu.s to L2          34         6        38        10         8        15        26        21        34        27        32        31        36        30        34        30
[Dir  4  ]
MemReads       21295
MemWrites      22694
MemFootPrint   22796
req.s from L2        3152      2813      2896      2894      2874      2823      2809      2793      2799      2757      2761      2749      2896      2956      2986      2995
WB.s  from L2        1022       966       933      1040       949       945       982       966       989       951       966      1005       901       901       954      1005
inv.s from L2         246       196       205       200       262       245       207       197       185       236       241       231       193       210       229       242
inv.s   to L2         387       432       462       378       450       428       399       419       476       470       441       368       478       484       427       335
read.s  to L2         484       458       471       407       498       598       430       462       508       501       466       395       483       492       432       351
exclu.s to L2          48         5        48        10         6        12        24        17        25        19        28        34        29        21        29        22
[Dir  5  ]
MemReads       21221
MemWrites      22733
MemFootPrint   22805
req.s from L2        3149      2825      2891      2907      2868      2830      2819      2800      2803      2763      2767      2757      2906      2961      2991      3002
WB.s  from L2         998       960       935      1035       946       943       981       964       977       950       970      1009       900       897       946      1004
inv.s from L2         257       208       210       211       266       251       220       205       192       238       240       229       208       211       230       237
inv.s   to L2         407       427       458       375       455       428       392       414       484       472       440       371       471       493       436       346
read.s  to L2         442       518       479       414       674       471       433       468       512       510       467       394       488       500       440       355
exclu.s to L2          63         4        52         8        19        13        24        20        34        22        31        39        33        26        34        25
[Dir  6  ]
MemReads       21270
MemWrites      22673
MemFootPrint   22806
req.s from L2        3086      2814      2921      2894      2853      2815      2811      2790      2744      2804      2757      2743      2894      2950      2981      2990
WB.s  from L2         962       948       963      1023       987       936       982       958       967       983       966      1000       943       886       937       994
inv.s from L2         248       216       211       216       231       251       220       211       185       231       240       226       210       207       230       236
inv.s   to L2         418       427       452       376       444       430       382       410       464       476       443       378       417       499       440       352
read.s  to L2         439       479       503       424       461       497       428       522       489       501       471       398       437       508       446       362
exclu.s to L2          64         6        58        10        18        12        18        18        28        18        29        37        29        23        30        24
[Dir  7  ]
MemReads       21189
MemWrites      22660
MemFootPrint   22811
req.s from L2        3101      2816      2924      2899      2864      2811      2818      2793      2751      2807      2760      2749      2898      2953      2981      2988
WB.s  from L2         963       939       936      1015       980       929       983       953       965       980       960       997       943       879       928       986
inv.s from L2         250       229       207       228       243       245       218       215       195       219       241       223       202       206       229       236
inv.s   to L2         412       422       481       372       440       444       384       410       458       492       448       383       423       507       448       360
read.s  to L2         435       479       501       465       470       484       480       478       491       504       472       400       435       509       453       380
exclu.s to L2          50         4        54         9        16        24        17        20        27        24        30        38        32        24        34        29
[Dir  8  ]
MemReads       21270
MemWrites      22687
MemFootPrint   22809
req.s from L2        3109      2859      2892      2892      2856      2797      2816      2795      2749      2764      2811      2750      2897      2954      2981      2992
WB.s  from L2         966       964       915      1010       974       977       977       952       961       970       990       992       948       921       923       978
inv.s from L2         253       246       200       235       250       212       218       203       207       219       244       223       194       212       229       237
inv.s   to L2         408       413       483       372       440       430       392       426       453       471       451       388       431       462       458       368
read.s  to L2         446       490       487       440       522       439       434       477       495       520       492       405       444       471       460       378
exclu.s to L2          39         3        46        10        16        34        18        16        31        24        28        38        34        23        32        24
[Dir  9  ]
MemReads       21202
MemWrites      22695
MemFootPrint   22791
req.s from L2        3122      2863      2908      2898      2862      2809      2808      2800      2760      2775      2817      2761      2902      2959      2987      2998
WB.s  from L2         969       957       916      1008       968       973       968       952       957       970       987       989       942       922       918       973
inv.s from L2         257       235       205       241       260       223       213       195       205       231       237       223       194       214       229       236
inv.s   to L2         402       436       480       373       439       428       408       437       464       467       466       395       439       464       468       380
read.s  to L2         435       517       485       441       506       484       442       476       579       485       480       408       456       488       466       385
exclu.s to L2          22         7        33         8        12        29        27        16        33        25        35        40        38        31        32        28
[Dir 10  ]
MemReads       21315
MemWrites      22737
MemFootPrint   22811
req.s from L2        3134      2812      2914      2947      2860      2810      2807      2797      2763      2768      2771      2818      2909      2964      2990      2995
WB.s  from L2         976       954       919      1040       961       966      1015       943       958       962       977      1023       939       918       966       964
inv.s from L2         255       193       209       239       270       231       184       197       188       233       223       224       197       213       231       236
inv.s   to L2         402       453       478       380       440       430       396       448       482       469       460       398       445       470       419       388
read.s  to L2         431       474       520       441       489       450       445       502       501       514       461       455       447       475       431       418
exclu.s to L2          15         7        31         9        11        19        23        14        29        23        32        24        33        24        26        25
[Dir 11  ]
MemReads       21258
MemWrites      22690
MemFootPrint   22812
req.s from L2        3113      2814      2893      2941      2864      2814      2807      2794      2763      2763      2768      2805      2903      2963      2988      2998
WB.s  from L2         970       948       919      1020       955       959      1006       936       952       962       971      1002       931       915       964       972
inv.s from L2         259       204       211       240       270       239       190       210       187       236       237       244       198       215       231       236
inv.s   to L2         394       444       468       391       441       424       391       438       486       465       447       394       447       470       417       380
read.s  to L2         430       474       498       485       493       455       415       529       506       511       511       429       451       478       425       387
exclu.s to L2          36         8        41        17        12        18        25        18        33        29        32        33        39        25        32        31
[Dir 12  ]
MemReads       21296
MemWrites      22698
MemFootPrint   22796
req.s from L2        3101      2810      2888      2890      2917      2814      2805      2790      2757      2766      2766      2755      2944      2957      2989      3003
WB.s  from L2         976       941       921      1011       990       947      1000       992       934       954       965       991       956       908       954      1018
inv.s from L2         265       214       214       215       268       248       198       185       189       236       248       245       204       213       231       241
inv.s   to L2         388       443       466       394       442       429       395       408       497       470       440       372       450       476       425       327
read.s  to L2         458       482       485       435       559       472       414       438       580       505       468       409       464       538       429       339
exclu.s to L2          50         7        51        17        14        16        23        19        31        19        28        36        34        26        29        25
[Dir 13  ]
MemReads       21214
MemWrites      22692
MemFootPrint   22793
req.s from L2        3089      2810      2876      2894      2912      2815      2805      2791      2751      2761      2763      2753      2949      2956      2988      2999
WB.s  from L2         972       932       916      1005       985       943       990       982       929       945       964       984       944       901       948      1018
inv.s from L2         258       223       218       223       246       247       205       191       196       235       245       248       215       211       231       238
inv.s   to L2         397       439       462       390       469       431       392       408       496       481       445       374       452       481       431       335
read.s  to L2         429       494       482       441       506       489       432       445       535       533       472       415       489       487       466       342
exclu.s to L2          64         5        57        12        24        15        21        20        32        21        30        37        37        27        29        29
[Dir 14  ]
MemReads       21272
MemWrites      22678
MemFootPrint   22787
req.s from L2        3096      2812      2874      2895      2865      2869      2805      2787      2742      2756      2763      2749      2892      3018      2986      2997
WB.s  from L2        1004       927       918       997       973       977       987       973       977       938       955       977       934       935       943      1009
inv.s from L2         231       234       221       240       235       247       212       203       184       231       246       240       222       210       230       237
inv.s   to L2         395       435       459       383       457       427       388       407       458       487       451       387       418       481       435       337
read.s  to L2         399       503       537       449       474       466       457       456       480       546       533       427       451       490       440       348
exclu.s to L2          65         3        62        10        21        17        19        20        29        21        27        38        33        23        30        25
[Dir 15  ]
MemReads       21200
MemWrites      22675
MemFootPrint   22779
req.s from L2        3099      2814      2882      2895      2873      2858      2808      2792      2745      2756      2763      2747      2891      3015      2983      2996
WB.s  from L2        1001       923       918       992       970       970       985       971       969       932       946       974       932       930       940      1005
inv.s from L2         232       248       211       247       244       227       210       200       191       227       245       231       211       207       228       236
inv.s   to L2         394       423       467       375       449       453       388       409       456       497       458       399       431       489       439       341
read.s  to L2         400       501       492       486       476       473       435       478       487       519       496       478       453       493       458       351
exclu.s to L2          49         1        56         8        17        29        17        19        28        25        28        40        36        29        33        27
