>>>>>>>>>> Phase 0 End <<<<<<<<<<
  Current Cycles: 1641
  Current Simulated: 20 0 0 0 0 0 0 0 0 116 0 0 0 0 0 0 
>>>>>>>>>> Phase 1 End <<<<<<<<<<
  Current Cycles: 11220645
  Current Simulated: 153551 153551 153551 153551 153551 153551 153551 153551 153551 153551 153551 153551 153551 153551 153551 153551 
>>>>>>>>>> Phase 2 End <<<<<<<<<<
  Current Cycles: 11222074
  Current Simulated: 55 116 116 116 81 116 116 116 116 116 64 116 116 116 0 0 
>>>>>>>>>> Phase 3 End <<<<<<<<<<
  Current Cycles: 16879058
  Current Simulated: 543566 543566 543566 543566 543567 543566 543566 543566 543566 543566 543567 543566 543566 543566 543566 543566 
>>>>>>>>>> Phase 4 End <<<<<<<<<<
  Current Cycles: 16879745
  Current Simulated: 53 0 0 0 0 0 0 0 0 70 0 105 10 0 0 0 
>>>>>>>>>> Phase 5 End <<<<<<<<<<
  Current Cycles: 22858615
  Current Simulated: 543566 543567 543566 543566 543567 543566 543566 543566 543566 543567 543566 543567 543567 543567 543566 543566 
>>>>>>>>>> Phase 6 End <<<<<<<<<<
  Current Cycles: 22859302
  Current Simulated: 53 116 0 116 0 0 0 0 116 0 0 0 0 0 0 0 
>>>>>>>>>> Phase 7 End <<<<<<<<<<
  Current Cycles: 28250121
  Current Simulated: 542563 542563 542563 542563 542563 542563 542563 542563 542563 542563 542563 542563 542563 542563 542563 542563 
>>>>>>>>>> Phase 8 End <<<<<<<<<<
  Current Cycles: 28251012
  Current Simulated: 27 116 116 116 0 115 116 0 116 116 0 0 116 0 0 116 
>>>>>>>>>> Phase 9 End <<<<<<<<<<
  Current Cycles: 28279519
  Current Simulated: 956 968 968 968 894 968 1588 869 968 968 968 968 968 968 968 968 
>>>>>>>>>> Phase 10 End <<<<<<<<<<
  Current Cycles: 28410270
  Current Simulated: 11224 0 0 0 0 0 0 0 0 0 0 0 0 0 0 0 
>>>>>>>>>> Phase 11 End <<<<<<<<<<
  Current Cycles: 28410271
  Current Simulated: 0 0 0 0 0 0 0 0 0 0 0 0 0 0 0 0 
>>>>>>>>>> Phase 12 End <<<<<<<<<<
  Current Cycles: 28410272
  Current Simulated: 0 0 0 0 0 0 0 0 0 0 0 0 0 0 0 0 
Total Cycles: 28410272
[L1Caches]
Reads              923973    917328    917213    917327    916992    917212    917654    916998    917327    917396    917048    917203    917222    917100    916985    917099
Read Misses         81896     81796     81893     81483     81744     81795     81689     81746     81718     81506     81455     81764     81585     81912     81894     81481
Writes             871661    867235    867233    867235    867231    867233    867412    867233    867235    867237    867231    867233    867235    867231    867229    867231
Writes Misses       87698     88115     87881     87825     88023     88106     87940     87487     87551     86923     87259     87187     87043     87670     87766     87833
Invalidated             9        18        19        20        16        19        12        15        17        19        15        17        17        15        15        14
[L2Caches]
Reads               81896     81796     81893     81483     81744     81795     81689     81746     81718     81506     81455     81764     81585     81912     81894     81481
Read Misses         14526     14295     14296     14297     14293     14296     14311     14294     14297     14299     14292     14296     14297     14295     14291     14290
Writes             871661    867235    867233    867235    867231    867233    867412    867233    867235    867237    867231    867233    867235    867231    867229    867231
Writes Misses        5302      5233      5233      5235      5232      5235      5230      5231      5231      5234      5231      5236      5233      5232      5231      5232
WritesBacks             1         0         1         0         0         0         1         0         3         0         0         0         0         0         2         3
Invalidates            83         0         0         1         0         0         0         0         0         0         0         0         1         0         0        22
Invalidated          7875      7897      7898      7901      7894      7900      7890      7893      7896      7901      7892      7900      7898      7895      7891      7889
Read                 8342      8228      8155      8089      8097      8114      8037      7992      8020      7996      7996      7960      7915      7946      7912      7895
Exclusived              0         0         0         0         0         0         0         0         0         0         0         0         0         0         1         0
DirtyBlocks          9477      9385      9384      9385      9385      9385      9387      9385      9382      9385      9385      9385      9385      9385      9383      9382
[Dir  0  ]
MemReads       6263
MemWrites      7974
MemFootPrint   11486
req.s from L2        1838      1713      1711      1713      1708      1712      1712      1710      1713      1715      1709      1712      1713      1710      1707      1823
WB.s  from L2           0         0         1         0         0         0         0         0         0         0         0         0         0         0         0         1
inv.s from L2           6         0         0         1         0         0         0         0         0         0         0         0         0         0         0         2
inv.s   to L2         545       495       495       498       493       496       493       493       496       497       492       496       497       493       491       549
read.s  to L2         552       678       491       492       491       500       487       490       496       496       488       489       493       489       488       546
exclu.s to L2           0         0         0         0         0         0         0         0         0         0         0         0         0         0         0         0
[Dir  1  ]
MemReads       6269
MemWrites      7923
MemFootPrint   11492
req.s from L2        1852      1829      1711      1711      1709      1710      1711      1710      1710      1709      1709      1710      1710      1709      1709      1709
WB.s  from L2           0         0         0         0         0         0         1         0         0         0         0         0         0         0         2         1
inv.s from L2           6         0         0         0         0         0         0         0         0         0         0         0         1         0         0         3
inv.s   to L2         549       554       494       494       492       495       489       493       492       494       492       494       493       493       492       492
read.s  to L2         799       549       491       487       489       505       488       487       489       495       487       487       489       491       489       489
exclu.s to L2           0         0         0         0         0         0         0         0         0         0         0         0         0         0         1         0
[Dir  2  ]
MemReads       6258
MemWrites      7901
MemFootPrint   11481
req.s from L2        1717      1818      1818      1699      1699      1699      1698      1699      1699      1699      1698      1699      1699      1699      1698      1698
WB.s  from L2           1         0         0         0         0         0         0         0         1         0         0         0         0         0         0         0
inv.s from L2           5         0         0         0         0         0         0         0         0         0         0         0         0         0         0         2
inv.s   to L2         486       548       548       489       488       489       487       487       488       489       488       489       488       488       488       488
read.s  to L2         493       569       545       624       484       485       490       487       484       486       488       484       485       485       486       485
exclu.s to L2           0         0         0         0         0         0         0         0         0         0         0         0         0         0         0         0
[Dir  3  ]
MemReads       6263
MemWrites      7868
MemFootPrint   11499
req.s from L2        1716      1696      1816      1815      1696      1696      1696      1695      1696      1696      1696      1695      1696      1696      1696      1695
WB.s  from L2           0         0         0         0         0         0         0         0         0         0         0         0         0         0         0         0
inv.s from L2           5         0         0         0         0         0         0         0         0         0         0         0         0         0         0         1
inv.s   to L2         484       484       544       544       484       484       484       484       484       484       484       484       484       484       484       484
read.s  to L2         493       494       683       545       484       484       484       487       484       484       484       486       484       484       484       485
exclu.s to L2           0         0         0         0         0         0         0         0         0         0         0         0         0         0         0         0
[Dir  4  ]
MemReads       6265
MemWrites      7868
MemFootPrint   11501
req.s from L2        1718      1700      1701      1821      1821      1700      1701      1701      1701      1700      1701      1701      1701      1700      1701      1701
WB.s  from L2           0         0         0         0         0         0         0         0         0         0         0         0         0         0         0         0
inv.s from L2           5         0         0         0         0         0         0         0         0         0         0         0         0         0         0         1
inv.s   to L2         484       484       484       544       544       484       484       484       484       484       484       484       484       484       484       484
read.s  to L2         555       485       484       544       544       650       484       484       484       485       484       484       484       485       484       484
exclu.s to L2           0         0         0         0         0         0         0         0         0         0         0         0         0         0         0         0
[Dir  5  ]
MemReads       6268
MemWrites      7885
MemFootPrint   11504
req.s from L2        1723      1700      1699      1700      1820      1820      1702      1700      1700      1700      1699      1700      1700      1700      1699      1700
WB.s  from L2           0         0         0         0         0         0         0         0         0         0         0         0         0         0         0         0
inv.s from L2           5         0         0         0         0         0         0         0         0         0         0         0         0         0         0         2
inv.s   to L2         485       486       487       486       547       546       488       486       486       487       486       487       486       487       486       487
read.s  to L2         496       535       487       484       675       544       488       486       484       486       485       485       485       486       485       485
exclu.s to L2           0         0         0         0         0         0         0         0         0         0         0         0         0         0         0         0
[Dir  6  ]
MemReads       6258
MemWrites      7869
MemFootPrint   11494
req.s from L2        1712      1693      1693      1692      1693      1813      1814      1692      1693      1693      1693      1692      1693      1693      1693      1692
WB.s  from L2           0         0         0         0         0         0         0         0         0         0         0         0         0         0         0         0
inv.s from L2           5         0         0         0         0         0         0         0         0         0         0         0         0         0         0         1
inv.s   to L2         485       485       485       485       485       545       544       485       485       485       485       485       485       485       485       485
read.s  to L2         489       490       524       487       484       544       545       546       485       484       484       486       484       484       484       485
exclu.s to L2           0         0         0         0         0         0         0         0         0         0         0         0         0         0         0         0
[Dir  7  ]
MemReads       6263
MemWrites      7884
MemFootPrint   11499
req.s from L2        1717      1694      1694      1694      1693      1694      1814      1814      1693      1694      1694      1694      1693      1694      1694      1694
WB.s  from L2           0         0         0         0         0         0         0         0         0         0         0         0         0         0         0         0
inv.s from L2           5         0         0         0         0         0         0         0         0         0         0         0         0         0         0         1
inv.s   to L2         485       486       486       486       486       486       546       546       486       486       486       486       486       486       486       485
read.s  to L2         491       491       492       506       487       484       614       544       486       484       484       484       485       484       484       485
exclu.s to L2           0         0         0         0         0         0         0         0         0         0         0         0         0         0         0         0
[Dir  8  ]
MemReads       6261
MemWrites      7868
MemFootPrint   11510
req.s from L2        1711      1693      1692      1693      1693      1693      1693      1813      1813      1693      1692      1693      1693      1693      1692      1693
WB.s  from L2           0         0         0         0         0         0         0         0         0         0         0         0         0         0         0         0
inv.s from L2           5         0         0         0         0         0         0         0         0         0         0         0         0         0         0         1
inv.s   to L2         484       484       484       484       484       484       484       544       544       484       484       484       484       484       484       484
read.s  to L2         506       485       485       484       508       489       485       544       545       524       489       484       484       488       485       484
exclu.s to L2           0         0         0         0         0         0         0         0         0         0         0         0         0         0         0         0
[Dir  9  ]
MemReads       6256
MemWrites      7868
MemFootPrint   11492
req.s from L2        1708      1692      1692      1691      1692      1692      1693      1691      1812      1812      1692      1691      1692      1692      1692      1691
WB.s  from L2           0         0         0         0         0         0         0         0         0         0         0         0         0         0         0         0
inv.s from L2           5         0         0         0         0         0         0         0         0         0         0         0         0         0         0         1
inv.s   to L2         484       484       484       484       484       484       484       484       544       544       484       484       484       484       484       484
read.s  to L2         489       501       484       485       489       501       484       485       595       544       484       490       484       484       484       486
exclu.s to L2           0         0         0         0         0         0         0         0         0         0         0         0         0         0         0         0
[Dir 10  ]
MemReads       6277
MemWrites      7868
MemFootPrint   11512
req.s from L2        1712      1695      1695      1695      1694      1695      1696      1695      1694      1815      1815      1695      1694      1695      1695      1695
WB.s  from L2           0         0         0         0         0         0         0         0         0         0         0         0         0         0         0         0
inv.s from L2           5         0         0         0         0         0         0         0         0         0         0         0         0         0         0         1
inv.s   to L2         484       484       484       484       484       484       484       484       484       544       544       484       484       484       484       484
read.s  to L2         489       491       514       484       487       484       511       484       491       560       544       519       487       484       486       484
exclu.s to L2           0         0         0         0         0         0         0         0         0         0         0         0         0         0         0         0
[Dir 11  ]
MemReads       6281
MemWrites      7868
MemFootPrint   11516
req.s from L2        1717      1692      1693      1693      1693      1692      1695      1693      1693      1692      1813      1813      1693      1692      1693      1693
WB.s  from L2           0         0         0         0         0         0         0         0         0         0         0         0         0         0         0         0
inv.s from L2           5         0         0         0         0         0         0         0         0         0         0         0         0         0         0         1
inv.s   to L2         484       484       484       484       484       484       484       484       484       484       544       544       484       484       484       484
read.s  to L2         486       490       489       500       484       487       493       501       484       492       575       544       484       488       484       489
exclu.s to L2           0         0         0         0         0         0         0         0         0         0         0         0         0         0         0         0
[Dir 12  ]
MemReads       6280
MemWrites      7868
MemFootPrint   11515
req.s from L2        1715      1700      1700      1699      1700      1700      1703      1699      1700      1700      1700      1819      1820      1700      1700      1699
WB.s  from L2           0         0         0         0         0         0         0         0         0         0         0         0         0         0         0         0
inv.s from L2           5         0         0         0         0         0         0         0         0         0         0         0         0         0         0         1
inv.s   to L2         484       485       485       485       485       485       485       485       485       485       485       545       545       485       485       485
read.s  to L2         533       486       484       485       531       488       484       485       545       484       484       545       544       523       484       489
exclu.s to L2           0         0         0         0         0         0         0         0         0         0         0         0         0         0         0         0
[Dir 13  ]
MemReads       6277
MemWrites      7868
MemFootPrint   11499
req.s from L2        1714      1692      1692      1692      1691      1692      1694      1692      1691      1692      1692      1692      1811      1812      1692      1692
WB.s  from L2           0         0         0         0         0         0         0         0         0         0         0         0         0         0         0         0
inv.s from L2           6         0         0         0         0         0         0         0         0         0         0         0         0         0         0         1
inv.s   to L2         484       484       484       484       484       484       484       484       484       484       484       484       544       544       484       484
read.s  to L2         487       497       484       484       492       498       485       484       500       503       484       484       575       544       485       484
exclu.s to L2           0         0         0         0         0         0         0         0         0         0         0         0         0         0         0         0
[Dir 14  ]
MemReads       6270
MemWrites      7869
MemFootPrint   11492
req.s from L2        1723      1696      1697      1697      1697      1695      1697      1696      1697      1696      1696      1697      1697      1816      1816      1697
WB.s  from L2           0         0         0         0         0         0         0         0         1         0         0         0         0         0         0         0
inv.s from L2           5         0         0         0         0         0         0         0         0         0         0         0         0         0         0         1
inv.s   to L2         484       484       484       484       484       484       484       484       484       484       484       484       484       544       544       484
read.s  to L2         491       495       522       484       484       487       513       484       484       504       538       488       484       561       544       491
exclu.s to L2           0         0         0         0         0         0         0         0         0         0         0         0         0         0         0         0
[Dir 15  ]
MemReads       6262
MemWrites      7873
MemFootPrint   11483
req.s from L2        1715      1698      1697      1698      1698      1698      1698      1698      1698      1698      1697      1698      1698      1698      1817      1818
WB.s  from L2           0         0         0         0         0         0         0         0         1         0         0         0         0         0         0         1
inv.s from L2           5         0         0         0         0         0         0         0         0         0         0         0         0         0         0         2
inv.s   to L2         484       486       486       486       486       486       486       486       486       486       486       486       486       486       546       546
read.s  to L2         493       492       496       514       484       484       502       514       484       485       514       521       484       486       576       544
exclu.s to L2           0         0         0         0         0         0         0         0         0         0         0         0         0         0         0         0
