>>>>>>>>>> MPI Alltoall (4,262144)<<<<<<<<<<
  p12 (12288,12291,137,372010,403240,2142,788908)
  p13 (12288,12291,140,372010,403690,2145,789388)
  p14 (12288,12291,140,372010,403390,2143,789088)
  p15 (12288,12291,137,372160,403240,2142,789058)
  MP Cycles: 789388
>>>>>>>>>> MPI Alltoall (4,262144)<<<<<<<<<<
  p0 (12288,12291,140,372010,403540,2144,789238)
  p1 (12288,12291,140,372010,403690,2145,789388)
  p2 (12288,12291,140,372460,403240,2142,789388)
  p3 (12288,12291,140,372010,403390,2143,789088)
  MP Cycles: 789388
>>>>>>>>>> MPI Alltoall (4,262144)<<<<<<<<<<
  p4 (12288,12291,137,372010,403390,2143,789058)
  p5 (12288,12291,140,372010,403540,2144,789238)
  p6 (12288,12291,140,372010,403690,2145,789388)
  p7 (12288,12291,140,372460,403540,2144,789688)
  MP Cycles: 789688
>>>>>>>>>> MPI Alltoall (4,262144)<<<<<<<<<<
  p8 (12288,12291,140,372460,403240,2142,789388)
  p9 (12288,12291,140,372010,403390,2143,789088)
  p10 (12288,12291,140,372010,403390,2143,789088)
  p11 (12288,12291,138,372160,403390,2143,789218)
  MP Cycles: 789388
>>>>>>>>>> MPI Alltoall (4,262144)<<<<<<<<<<
  p1 (12291,12288,46,335720,401720,2132,750191)
  p5 (12291,12288,45,335570,401870,2133,750181)
  p9 (12291,12288,46,335870,401570,2131,750191)
  p13 (12291,12288,46,335420,402020,2134,750191)
  MP Cycles: 750191
>>>>>>>>>> MPI Alltoall (4,262144)<<<<<<<<<<
  p0 (12291,12288,46,335420,402020,2134,750191)
  p4 (12291,12288,46,335570,401870,2133,750191)
  p8 (12291,12288,46,336020,401420,2130,750191)
  p12 (12291,12288,45,335570,401870,2133,750181)
  MP Cycles: 750191
>>>>>>>>>> MPI Alltoall (4,262144)<<<<<<<<<<
  p3 (12291,12288,46,335270,402170,2135,750191)
  p7 (12291,12288,46,335570,401870,2133,750191)
  p11 (12291,12288,46,335720,401720,2132,750191)
  p15 (12291,12288,45,335570,401870,2133,750181)
  MP Cycles: 750191
>>>>>>>>>> MPI Alltoall (4,262144)<<<<<<<<<<
  p2 (12291,12288,44,335570,401870,2133,750171)
  p6 (12291,12288,46,335570,401870,2133,750191)
  p10 (12291,12288,46,335570,401870,2133,750191)
  p14 (12291,12288,46,335720,401720,2132,750191)
  MP Cycles: 750191
>>>>>>>>>> MPI Reduce (16,16)<<<<<<<<<<
  p0 (Root 3,20,0,20)
  p1 (3,1,10,0,10)
  p2 (3,1,10,0,10)
  p3 (3,1,10,0,10)
  p4 (3,1,10,0,10)
  p5 (3,1,10,0,10)
  p6 (3,1,10,0,10)
  p7 (3,1,10,0,10)
  p8 (3,1,10,0,10)
  p9 (3,1,10,0,10)
  p10 (3,1,10,0,10)
  p11 (3,1,10,0,10)
  p12 (3,1,10,0,10)
  p13 (3,1,10,0,10)
  p14 (3,1,10,0,10)
  p15 (3,1,10,0,10)
  MP Cycles: 20
>>>>>>>>>> Phase 0 End <<<<<<<<<<
  Current Cycles: 11728067
  Current Simulated: 2102013 2092769 2092769 2092673 2092769 2092769 2092673 2092865 2092769 2092673 2092865 2092769 2092673 2092865 2092769 2092769 
>>>>>>>>>> Phase 1 End <<<<<<<<<<
  Current Cycles: 11728068
  Current Simulated: 0 0 0 0 0 0 0 0 0 0 0 0 0 0 0 0 
>>>>>>>>>> Phase 2 End <<<<<<<<<<
  Current Cycles: 11728069
  Current Simulated: 0 0 0 0 0 0 0 0 0 0 0 0 0 0 0 0 
Total Cycles: 11728069
[L1Caches]
Reads             1087347   1081787   1081787   1081691   1081787   1081787   1081691   1081883   1081787   1081691   1081883   1081787   1081691   1081883   1081787   1081787
Read Misses         71770     71517     71617     72248     72842     72145     71856     71734     73367     72249     73514     73103     71512     71885     71530     72239
Writes            1014663   1010979   1010979   1010979   1010979   1010979   1010979   1010979   1010979   1010979   1010979   1010979   1010979   1010979   1010979   1010979
Writes Misses       74552     76598     76669     75424     76616     75140     76473     76688     75374     74509     75465     76640     75897     75801     74509     74967
WritesBacks         86043     87864     88132     86779     88155     86412     87749     88159     87820     86058     88055     88054     87230     87119     85866     86629
DirtyBlocks           339       447       446       454       448       444       448       447       447       455       444       448       448       445       452       444
MP Flushed            567       568       572       566       570       571       570       570       569       565       568       569       571       569       565       571
MP Writebacks         186       187       185       187       184       186       187       187       187       187       187       185       183       187       187       183
[L2Caches]
Reads               71770     71517     71617     72248     72842     72145     71856     71734     73367     72249     73514     73103     71512     71885     71530     72239
Read Misses         30438     30302     30335     30290     30316     30275     30278     30327     30288     30272     30284     30328     30335     30260     30272     30274
Writes              86043     87864     88132     86779     88155     86412     87749     88159     87820     86058     88055     88054     87230     87119     85866     86629
Writes Misses       27894     27728     27730     27728     27736     27717     27727     27735     27721     27728     27730     27724     27733     27733     27723     27722
WritesBacks         33162     33057     33057     33047     33049     33048     33042     33071     33056     33059     33062     33058     33064     33040     33055     33059
DirtyBlocks          2296      2259      2259      2242      2255      2236      2258      2257      2244      2234      2243      2252      2257      2256      2232      2234
MP Flushed           3886      3887      3890      3886      3887      3886      3887      3890      3892      3887      3887      3888      3887      3886      3886      3888
MP Writebacks           0         0         0         0         0         0         0         0         0         0         0         0         0         0         0         0
MP fromCache         4023      4022      4020      4025      4023      4023      4023      4020      4017      4021      4023      4021      4023      4024      4022      4022
MP fromMem           4170      4172      4174      4169      4171      4171      4171      4174      4177      4173      4171      4173      4171      4170      4172      4172
MP toCache           8194      8193      8193      8193      8193      8193      8193      8193      8193      8193      8193      8193      8193      8193      8193      8193
MP toMem             4278      4277      4275      4278      4276      4277      4278      4277      4272      4274      4276      4275      4275      4279      4275      4275
