>>>>>>>>>> MPI Alltoall (4,262144)<<<<<<<<<<
  p12 (12288,12291,137,40960,40970,3959,1611038)
  p13 (12288,12291,140,40960,40970,3956,1610618)
  p14 (12288,12291,140,40960,40970,3956,1610618)
  p15 (12288,12291,137,40960,40970,3959,1611038)
  MP Cycles: 1611038
>>>>>>>>>> MPI Alltoall (4,262144)<<<<<<<<<<
  p0 (12288,12291,140,40960,40970,3956,1610618)
  p1 (12288,12291,140,40960,40970,3956,1610618)
  p2 (12288,12291,140,40960,40970,3956,1610618)
  p3 (12288,12291,140,40960,40970,3956,1610618)
  MP Cycles: 1610618
>>>>>>>>>> MPI Alltoall (4,262144)<<<<<<<<<<
  p4 (12288,12291,137,40960,40970,3959,1611038)
  p5 (12288,12291,140,40960,40970,3956,1610618)
  p6 (12288,12291,140,40960,40970,3956,1610618)
  p7 (12288,12291,140,40960,40970,3956,1610618)
  MP Cycles: 1611038
>>>>>>>>>> MPI Alltoall (4,262144)<<<<<<<<<<
  p8 (12288,12291,140,40960,40970,3956,1610618)
  p9 (12288,12291,140,40960,40970,3956,1610618)
  p10 (12288,12291,140,40960,40970,3956,1610618)
  p11 (12288,12291,138,40960,40970,3958,1610898)
  MP Cycles: 1610898
>>>>>>>>>> MPI Alltoall (4,262144)<<<<<<<<<<
  p1 (12291,12288,46,40970,40960,4065,1626031)
  p5 (12291,12288,45,40970,40960,4065,1626021)
  p9 (12291,12288,46,40970,40960,4065,1626031)
  p13 (12291,12288,46,40970,40960,4065,1626031)
  MP Cycles: 1626031
>>>>>>>>>> MPI Alltoall (4,262144)<<<<<<<<<<
  p0 (12291,12288,46,40970,40960,4065,1626031)
  p4 (12291,12288,46,40970,40960,4065,1626031)
  p8 (12291,12288,46,40970,40960,4065,1626031)
  p12 (12291,12288,45,40970,40960,4065,1626021)
  MP Cycles: 1626031
>>>>>>>>>> MPI Alltoall (4,262144)<<<<<<<<<<
  p3 (12291,12288,46,40970,40960,4065,1626031)
  p7 (12291,12288,46,40970,40960,4065,1626031)
  p11 (12291,12288,46,40970,40960,4065,1626031)
  p15 (12291,12288,45,40970,40960,4066,1626171)
  MP Cycles: 1626171
>>>>>>>>>> MPI Alltoall (4,262144)<<<<<<<<<<
  p2 (12291,12288,44,40970,40960,4067,1626311)
  p6 (12291,12288,46,40970,40960,4065,1626031)
  p10 (12291,12288,46,40970,40960,4065,1626031)
  p14 (12291,12288,46,40970,40960,4065,1626031)
  MP Cycles: 1626311
>>>>>>>>>> MPI Reduce (16,16)<<<<<<<<<<
  p0 (Root 3,10,10)
  p1 (3,1,10,1,173)
  p2 (3,1,10,1,173)
  p3 (3,1,10,1,173)
  p4 (3,1,10,1,173)
  p5 (3,1,10,1,173)
  p6 (3,1,10,1,173)
  p7 (3,1,10,1,173)
  p8 (3,1,10,1,173)
  p9 (3,1,10,1,173)
  p10 (3,1,10,1,173)
  p11 (3,1,10,1,173)
  p12 (3,1,10,1,173)
  p13 (3,1,10,1,173)
  p14 (3,1,10,1,173)
  p15 (3,1,10,1,173)
  MP Cycles: 173
>>>>>>>>>> Phase 0 End <<<<<<<<<<
  Current Cycles: 13409919
  Current Simulated: 2102013 2092769 2092769 2092673 2092769 2092769 2092673 2092865 2092769 2092673 2092865 2092769 2092673 2092865 2092769 2092769 
>>>>>>>>>> Phase 1 End <<<<<<<<<<
  Current Cycles: 13409920
  Current Simulated: 0 0 0 0 0 0 0 0 0 0 0 0 0 0 0 0 
>>>>>>>>>> Phase 2 End <<<<<<<<<<
  Current Cycles: 13409921
  Current Simulated: 0 0 0 0 0 0 0 0 0 0 0 0 0 0 0 0 
Total Cycles: 13409921
[L1Caches]
Reads             1087347   1081787   1081787   1081691   1081787   1081787   1081691   1081883   1081787   1081691   1081883   1081787   1081691   1081883   1081787   1081787
Read Misses         71770     71517     71617     72248     72842     72145     71856     71734     73367     72249     73514     73103     71512     71885     71530     72239
Writes            1014663   1010979   1010979   1010979   1010979   1010979   1010979   1010979   1010979   1010979   1010979   1010979   1010979   1010979   1010979   1010979
Writes Misses       74552     76598     76669     75424     76616     75140     76473     76688     75374     74509     75465     76640     75897     75801     74509     74967
WritesBacks         86043     87864     88132     86779     88155     86412     87749     88159     87820     86058     88055     88054     87230     87119     85866     86629
DirtyBlocks           339       447       446       454       448       444       448       447       447       455       444       448       448       445       452       444
MP Flushed            567       568       572       566       570       571       570       570       569       565       568       569       571       569       565       571
MP Writebacks         186       187       185       187       184       186       187       187       187       187       187       185       183       187       187       183
[L2Caches]
Reads               71770     71517     71617     72248     72842     72145     71856     71734     73367     72249     73514     73103     71512     71885     71530     72239
Read Misses         14534     14364     14364     14364     14364     14364     14364     14364     14364     14364     14364     14364     14364     14364     14364     14364
Writes              86043     87864     88132     86779     88155     86412     87749     88159     87820     86058     88055     88054     87230     87119     85866     86629
Writes Misses        9071      9067      9068      9068      9068      9067      9068      9068      9067      9068      9068      9067      9067      9068      9068      9067
WritesBacks             0         0         0         0         0         0         0         0         0         0         0         0         0         0         0         0
DirtyBlocks         13037     12924     12925     12921     12923     12921     12922     12922     12924     12921     12924     12921     12921     12924     12920     12922
MP Flushed           8194      8193      8193      8193      8193      8193      8193      8193      8193      8193      8193      8193      8193      8193      8193      8193
MP Writebacks        8021      8022      8024      8022      8025      8022      8022      8022      8022      8022      8022      8024      8025      8022      8022      8026
