>>>>>>>>>> Phase 0 End <<<<<<<<<<
  Current Cycles: 444
  Current Simulated: 20 0 0 0 0 0 0 0 0 0 0 0 0 0 0 0 
>>>>>>>>>> Phase 1 End <<<<<<<<<<
  Current Cycles: 11283583
  Current Simulated: 153551 153551 153551 153551 153551 153551 153551 153551 153551 153551 153551 153551 153551 153551 153551 153551 
>>>>>>>>>> Phase 2 End <<<<<<<<<<
  Current Cycles: 11284807
  Current Simulated: 55 0 0 0 0 0 0 0 0 0 0 0 0 0 0 0 
>>>>>>>>>> Phase 3 End <<<<<<<<<<
  Current Cycles: 18014002
  Current Simulated: 543566 543566 543566 543566 543566 543566 543566 543566 543566 543566 543566 543566 543566 543566 543566 543566 
>>>>>>>>>> Phase 4 End <<<<<<<<<<
  Current Cycles: 18015496
  Current Simulated: 53 0 0 0 0 0 0 0 0 0 0 0 0 0 0 116 
>>>>>>>>>> Phase 5 End <<<<<<<<<<
  Current Cycles: 24573593
  Current Simulated: 543566 543566 543566 543566 543567 543566 543566 543566 543566 543566 543566 543566 543566 543567 543566 543566 
>>>>>>>>>> Phase 6 End <<<<<<<<<<
  Current Cycles: 24575155
  Current Simulated: 53 116 0 0 0 0 116 0 0 0 0 0 116 0 0 0 
>>>>>>>>>> Phase 7 End <<<<<<<<<<
  Current Cycles: 33521883
  Current Simulated: 542563 542563 542563 542563 542563 542563 542563 542563 542563 542563 542563 542563 542563 542563 542563 542563 
>>>>>>>>>> Phase 8 End <<<<<<<<<<
  Current Cycles: 33523650
  Current Simulated: 27 0 0 46 11 59 116 68 115 116 116 0 48 116 59 116 
>>>>>>>>>> Phase 9 End <<<<<<<<<<
  Current Cycles: 33561303
  Current Simulated: 1068 987 1196 983 1137 1137 1080 1086 1080 1080 988 1080 1657 1080 1137 981 
>>>>>>>>>> Phase 10 End <<<<<<<<<<
  Current Cycles: 33692494
  Current Simulated: 11222 93 0 73 48 0 0 0 0 0 0 0 0 0 0 0 
>>>>>>>>>> Phase 11 End <<<<<<<<<<
  Current Cycles: 33692495
  Current Simulated: 0 0 0 0 0 0 0 0 0 0 0 0 0 0 0 0 
>>>>>>>>>> Phase 12 End <<<<<<<<<<
  Current Cycles: 33692496
  Current Simulated: 0 0 0 0 0 0 0 0 0 0 0 0 0 0 0 0 
Total Cycles: 33692496
[L1Caches]
Reads              924079    917208    917208    917114    917209    917208    917322    917166    917207    917208    917116    917094    917655    917209    917208    917221
Read Misses         81766     81476     81430     81833     81475     81620     81942     81828     81823     81608     81433     81482     81646     81826     81432     81651
Writes             871665    867234    867234    867234    867234    867234    867236    867234    867234    867234    867234    867232    867412    867234    867234    867238
Writes Misses       87985     86953     87224     87274     86909     87130     87797     87255     88066     87443     87203     87719     87891     88106     87264     87457
Invalidated            16        23        26        27        24        25        26        27        25        29        27        25        12        24        26        20
[L2Caches]
Reads               81766     81476     81430     81833     81475     81620     81942     81828     81823     81608     81433     81482     81646     81826     81432     81651
Read Misses         19074     18846     18839     18834     18841     18834     18838     18837     18851     18860     18858     18823     18837     18833     18838     18882
Writes             871665    867234    867234    867234    867234    867234    867236    867234    867234    867234    867234    867232    867412    867234    867234    867238
Writes Misses        5310      5237      5235      5235      5237      5238      5235      5237      5235      5237      5236      5246      5234      5235      5236      5239
WritesBacks         16627     16377     16509     16460     16606     16442     16509     16484     16597     16483     16552     16530     16631     16699     16770     16834
Invalidates          2536      2473      2357      2399      2280      2439      2377      2398      2300      2442      2382      2392      2322      2250      2192      2147
Invalidated          1136      1151      1127      1129      1113      1111      1107      1113      1109      1092      1080      1066      1032      1040      1031      1059
Read                 1967      1872      1609      1615      1580      1699      1554      1558      1475      1523      1455      1412      1308      1211      1121      1137
Exclusived             49        92       201       165       311       139       231       204       328       189       244       239       304       388       434       410
DirtyBlocks          3696      3919      3917      3916      3915      3916      3916      3915      3917      3916      3918      3918      3904      3915      3917      3914
[Dir  0  ]
MemReads       17313
MemWrites      17963
MemFootPrint   11484
req.s from L2        1660      1581      1580      1578      1579      1579      1576      1559      1561      1560      1562      1558      1567      1560      1564      1621
WB.s  from L2        1115      1025      1035      1031      1044      1032      1038      1019      1016      1005      1014      1013      1022      1030      1033      1100
inv.s from L2         155       153       143       147       136       147       145       146       151       161       154       154       148       139       136       133
inv.s   to L2          52        67        66        66        66        65        67        81        80        80        79        76        75        77        75        80
read.s  to L2          82       235        78        82        74        90        77        95       100       109       101        99        91        85        79        83
exclu.s to L2           6         8        15        11        25        11        20        14        14         4        11        15        19        28        31        30
[Dir  1  ]
MemReads       17328
MemWrites      18024
MemFootPrint   11489
req.s from L2        1648      1671      1592      1590      1588      1591      1585      1588      1571      1571      1574      1569      1565      1569      1576      1561
WB.s  from L2        1092      1104      1035      1030      1042      1031      1037      1038      1017      1021      1016      1015      1023      1031      1036      1043
inv.s from L2         162       156       146       151       140       151       147       143       152       148       154       154       148       140       136       133
inv.s   to L2          90        62        78        77        74        76        73        78        89        92        90        87        75        84        87        81
read.s  to L2         312        79        86        85        82       109        94        87       105       109       107       102        92        92        83        80
exclu.s to L2           6         5        12         9        22         8        16        14        15        15        11        15        19        28        31        32
[Dir  2  ]
MemReads       17301
MemWrites      17834
MemFootPrint   11479
req.s from L2        1557      1624      1648      1566      1570      1568      1563      1567      1553      1568      1554      1549      1554      1550      1555      1545
WB.s  from L2        1015      1070      1104      1019      1034      1024      1027      1029      1022      1032      1010      1010      1016      1022      1030      1036
inv.s from L2         159       158       147       154       140       150       148       145       138       146       154       151       148       140       135       132
inv.s   to L2          77        78        47        62        61        61        60        61        76        60        73        73        72        73        70        71
read.s  to L2         110       120        65       214        71        81        81        76        84        75        97        94        89        83        75        73
exclu.s to L2           6         6        10         5        18         8        14        12        24        16        11        15        19        30        31        32
[Dir  3  ]
MemReads       17317
MemWrites      17866
MemFootPrint   11500
req.s from L2        1564      1556      1619      1642      1571      1570      1565      1567      1571      1568      1560      1550      1554      1552      1557      1545
WB.s  from L2        1022      1005      1077      1102      1035      1023      1028      1028      1039      1031      1023      1011      1019      1028      1034      1038
inv.s from L2         160       155       149       150       142       153       149       147       137       148       145       151       147       139       134       130
inv.s   to L2          76        78        75        48        61        61        60        61        62        60        73        73        70        70        69        71
read.s  to L2         111       122       214        69        73        84        80        98        69        77        85        96        87        79        73        73
exclu.s to L2           5         5        11         6        16         4         8        10        23        14        19        15        20        31        32        32
[Dir  4  ]
MemReads       17340
MemWrites      17944
MemFootPrint   11501
req.s from L2        1564      1558      1558      1621      1575      1647      1567      1574      1575      1572      1577      1561      1560      1557      1562      1551
WB.s  from L2        1025      1011      1019      1084      1038      1103      1033      1033      1043      1034      1043      1029      1026      1034      1041      1044
inv.s from L2         158       154       147       150       145       157       149       149       139       151       143       141       146       141       133       130
inv.s   to L2          77        78        76        72        60        46        60        61        61        59        58        72        69        67        68        71
read.s  to L2         171       111        93        92        75       239        79        80        70        79        69        83        85        78        71        72
exclu.s to L2           4         6        14        10        15         6         8         8        22        12        18        16        19        28        31        32
[Dir  5  ]
MemReads       17346
MemWrites      17989
MemFootPrint   11505
req.s from L2        1575      1564      1565      1561      1659      1625      1574      1578      1581      1578      1583      1582      1573      1563      1568      1556
WB.s  from L2        1029      1013      1021      1022      1115      1085      1031      1032      1042      1034      1043      1043      1035      1035      1042      1046
inv.s from L2         162       158       150       150       148       151       155       156       145       157       147       148       145       146       138       134
inv.s   to L2          78        81        78        79        51        79        62        63        63        62        60        60        72        70        69        73
read.s  to L2         117       166        92        93       244        94        84        84        72        83        70        72        82        81        71        72
exclu.s to L2           5         5        15        12        15        13         6         8        20        10        16        13        19        27        31        31
[Dir  6  ]
MemReads       17349
MemWrites      17822
MemFootPrint   11494
req.s from L2        1565      1555      1554      1549      1618      1551      1638      1567      1572      1569      1576      1572      1574      1556      1558      1545
WB.s  from L2        1022      1003      1011      1011      1086      1010      1102      1021      1033      1023      1037      1033      1039      1029      1033      1035
inv.s from L2         162       159       152       151       143       154       151       156       145       158       146       148       143       140       140       134
inv.s   to L2          78        78        76        76        75        75        50        61        62        60        59        58        56        70        66        71
read.s  to L2         114       111       138        99        83        98        66       189        72        82        68        71        66        75        71        72
exclu.s to L2           5         5        14        13        23        12        10         6        18         8        13        12        19        19        30        31
[Dir  7  ]
MemReads       17349
MemWrites      17873
MemFootPrint   11500
req.s from L2        1567      1557      1555      1551      1553      1550      1608      1648      1572      1569      1573      1571      1571      1571      1564      1546
WB.s  from L2        1023      1005      1014      1013      1025      1011      1087      1104      1033      1021      1035      1033      1038      1044      1038      1038
inv.s from L2         159       154       147       147       136       149       139       147       144       157       144       146       141       135       132       130
inv.s   to L2          79        81        80        80        79        79        78        53        64        63        62        61        60        61        71        73
read.s  to L2         113       110       102       129        81        97       181        66        74        87        72        73        68        62        69        73
exclu.s to L2           4         5        13        12        24        12        23         3        14         2        10        11        18        22        20        31
[Dir  8  ]
MemReads       17446
MemWrites      17905
MemFootPrint   11512
req.s from L2        1560      1555      1556      1552      1556      1555      1546      1615      1575      1650      1575      1576      1575      1571      1573      1557
WB.s  from L2        1019      1011      1019      1020      1034      1018      1030      1093      1037      1105      1036      1039      1042      1046      1053      1045
inv.s from L2         160       151       146       144       134       149       138       138       146       157       148       147       144       139       133       132
inv.s   to L2          76        79        77        77        74        76        73        74        59        46        58        58        56        56        55        69
read.s  to L2         135       102        91        89       119        96        79        80        73       123        74        73        85        63        56        70
exclu.s to L2           3         6        14        14        24        12        21        23        12         3         7         8        13        19        23        20
[Dir  9  ]
MemReads       17373
MemWrites      17843
MemFootPrint   11494
req.s from L2        1563      1557      1559      1552      1557      1557      1550      1553      1653      1617      1577      1575      1576      1574      1577      1569
WB.s  from L2        1016      1003      1012      1012      1027      1012      1024      1026      1110      1092      1029      1030      1038      1041      1045      1052
inv.s from L2         165       161       153       152       141       155       146       144       148       141       154       153       149       145       141       137
inv.s   to L2          76        78        78        77        75        76        72        73        49        74        60        59        56        56        56        57
read.s  to L2         119       146        94        93        94       139        81        80       177        78        77        79        68        64        60        58
exclu.s to L2           0         5        11        14        22        11        22        24        16        25         5         6        11        18        20        20
[Dir 10  ]
MemReads       17434
MemWrites      17912
MemFootPrint   11514
req.s from L2        1589      1560      1562      1557      1562      1557      1554      1553      1627      1557      1655      1578      1578      1579      1580      1569
WB.s  from L2        1047      1004      1014      1012      1025      1009      1021      1021      1100      1025      1109      1035      1039      1044      1047      1051
inv.s from L2         153       163       156       156       146       159       149       148       138       146       153       150       148       143       140       137
inv.s   to L2          64        78        76        77        77        76        75        76        73        74        48        61        58        58        59        60
read.s  to L2          92       113       123        97        86       103       115        88        75       113        65       126        75        65        63        69
exclu.s to L2           2         2         8        10        20         7        19        22        31        21        13         7        13        15        22        18
[Dir 11  ]
MemReads       17424
MemWrites      17831
MemFootPrint   11516
req.s from L2        1585      1573      1555      1550      1554      1553      1548      1548      1556      1552      1620      1646      1575      1569      1574      1564
WB.s  from L2        1045      1023      1013      1004      1016      1005      1012      1013      1026      1018      1090      1105      1035      1037      1042      1046
inv.s from L2         153       152       152       159       148       161       151       151       138       149       143       152       149       143       140       137
inv.s   to L2          63        62        74        75        74        72        75        74        75        72        70        45        56        57        57        58
read.s  to L2          87        85        96       117        91        99        98       108        83        87       117        63        72        69        63        68
exclu.s to L2           1         7        10         6        18         3        15        18        30        18        27        17        10        17        23        18
[Dir 12  ]
MemReads       17365
MemWrites      17899
MemFootPrint   11515
req.s from L2        1584      1574      1574      1550      1556      1555      1550      1554      1557      1553      1557      1621      1651      1573      1576      1566
WB.s  from L2        1039      1028      1036      1016      1019      1008      1016      1016      1028      1020      1025      1092      1118      1044      1045      1050
inv.s from L2         159       149       143       148       147       160       149       151       139       150       144       144       145       141       140       136
inv.s   to L2          62        63        61        76        75        72        75        74        74        71        72        68        43        55        56        58
read.s  to L2         126        84        73        93       145       101        93        94       145        90        85        81        57        94        65        69
exclu.s to L2           1         6        13        11        15         3        14        15        27        15        25        25        19        15        22        19
[Dir 13  ]
MemReads       17330
MemWrites      17806
MemFootPrint   11497
req.s from L2        1581      1570      1571      1568      1550      1551      1545      1548      1551      1549      1553      1551      1616      1648      1572      1563
WB.s  from L2        1037      1023      1032      1025      1008      1009      1004      1004      1018      1009      1014      1015      1092      1109      1039      1043
inv.s from L2         156       149       142       147       152       150       155       156       144       154       149       148       136       145       140       139
inv.s   to L2          63        63        61        63        75        76        76        75        74        73        73        72        71        45        56        58
read.s  to L2          93       101        71        78       102       115        99        99        93       116        90        88       123        58        64        70
exclu.s to L2           1         7        14         9        14         9        12        11        24        11        23        24        33        21        20        18
[Dir 14  ]
MemReads       17306
MemWrites      17870
MemFootPrint   11489
req.s from L2        1590      1574      1577      1573      1554      1574      1550      1552      1556      1553      1556      1553      1554      1616      1654      1565
WB.s  from L2        1044      1025      1036      1030      1017      1032      1004      1004      1019      1008      1015      1015      1025      1095      1116      1044
inv.s from L2         159       151       141       147       145       147       159       161       147       159       152       152       141       136       140       139
inv.s   to L2          62        62        62        62        76        60        76        74        74        73        73        72        72        71        47        59
read.s  to L2          95        96       110        80        92        77       140       103        89       112       158        92        81        86        55        82
exclu.s to L2           0         7        14        12        18        10         8         9        21         9        20        22        29        37        31        18
[Dir 15  ]
MemReads       17308
MemWrites      17861
MemFootPrint   11483
req.s from L2        1579      1574      1571      1569      1572      1571      1546      1550      1553      1551      1552      1550      1556      1553      1618      1645
WB.s  from L2        1037      1024      1031      1029      1041      1030      1015      1003      1014      1005      1013      1012      1024      1030      1096      1123
inv.s from L2         154       150       143       146       137       146       147       160       149       160       152       153       144       138       134       134
inv.s   to L2          63        63        62        62        60        61        75        74        74        73        72        71        71        70        70        49
read.s  to L2          90        91        83       105        68        77       107       131        94       103       120       120        87        77       103        53
exclu.s to L2           0         7        13        11        22        10        15         7        17         6        15        18        24        33        36        28
