>>>>>>>>>> MPI Alltoall (4,262144)<<<<<<<<<<
  p12 (12288,12291,137,61510,81940,0,157108)
  p13 (12288,12291,140,61960,81940,0,157588)
  p14 (12288,12291,140,61960,81940,0,157588)
  p15 (12288,12291,137,61510,81940,0,157108)
  MP Cycles: 157588
>>>>>>>>>> MPI Alltoall (4,262144)<<<<<<<<<<
  p0 (12288,12291,140,61960,81940,0,157588)
  p1 (12288,12291,140,61960,81940,0,157588)
  p2 (12288,12291,140,61960,81940,0,157588)
  p3 (12288,12291,140,61960,81940,0,157588)
  MP Cycles: 157588
>>>>>>>>>> MPI Alltoall (4,262144)<<<<<<<<<<
  p4 (12288,12291,137,61510,81940,0,157108)
  p5 (12288,12291,140,61960,81940,0,157588)
  p6 (12288,12291,140,61960,81940,0,157588)
  p7 (12288,12291,140,61960,81940,0,157588)
  MP Cycles: 157588
>>>>>>>>>> MPI Alltoall (4,262144)<<<<<<<<<<
  p8 (12288,12291,140,61960,81940,0,157588)
  p9 (12288,12291,140,61960,81940,0,157588)
  p10 (12288,12291,140,61960,81940,0,157588)
  p11 (12288,12291,138,61660,81940,0,157268)
  MP Cycles: 157588
>>>>>>>>>> MPI Alltoall (4,262144)<<<<<<<<<<
  p1 (12291,12288,46,40970,81920,0,135641)
  p5 (12291,12288,45,40970,81920,0,135631)
  p9 (12291,12288,46,40970,81920,0,135641)
  p13 (12291,12288,46,40970,81920,0,135641)
  MP Cycles: 135641
>>>>>>>>>> MPI Alltoall (4,262144)<<<<<<<<<<
  p0 (12291,12288,46,40970,81920,0,135641)
  p4 (12291,12288,46,40970,81920,0,135641)
  p8 (12291,12288,46,40970,81920,0,135641)
  p12 (12291,12288,45,40970,81920,0,135631)
  MP Cycles: 135641
>>>>>>>>>> MPI Alltoall (4,262144)<<<<<<<<<<
  p3 (12291,12288,46,40970,81920,0,135641)
  p7 (12291,12288,46,40970,81920,0,135641)
  p11 (12291,12288,46,40970,81920,0,135641)
  p15 (12291,12288,45,40970,81920,0,135631)
  MP Cycles: 135641
>>>>>>>>>> MPI Alltoall (4,262144)<<<<<<<<<<
  p2 (12291,12288,44,40970,81920,0,135621)
  p6 (12291,12288,46,40970,81920,0,135641)
  p10 (12291,12288,46,40970,81920,0,135641)
  p14 (12291,12288,46,40970,81920,0,135641)
  MP Cycles: 135641
>>>>>>>>>> MPI Reduce (16,16)<<<<<<<<<<
  p0 (Root 3,20,0,20)
  p1 (3,1,10,0,10)
  p2 (3,1,10,0,10)
  p3 (3,1,10,0,10)
  p4 (3,1,10,0,10)
  p5 (3,1,10,0,10)
  p6 (3,1,10,0,10)
  p7 (3,1,10,0,10)
  p8 (3,1,10,0,10)
  p9 (3,1,10,0,10)
  p10 (3,1,10,0,10)
  p11 (3,1,10,0,10)
  p12 (3,1,10,0,10)
  p13 (3,1,10,0,10)
  p14 (3,1,10,0,10)
  p15 (3,1,10,0,10)
  MP Cycles: 20
>>>>>>>>>> Phase 0 End <<<<<<<<<<
  Current Cycles: 10457592
  Current Simulated: 2102013 2092769 2092769 2092673 2092769 2092769 2092673 2092865 2092769 2092673 2092865 2092769 2092673 2092865 2092769 2092769 
>>>>>>>>>> Phase 1 End <<<<<<<<<<
  Current Cycles: 10457593
  Current Simulated: 0 0 0 0 0 0 0 0 0 0 0 0 0 0 0 0 
>>>>>>>>>> Phase 2 End <<<<<<<<<<
  Current Cycles: 10457594
  Current Simulated: 0 0 0 0 0 0 0 0 0 0 0 0 0 0 0 0 
Total Cycles: 10457594
[L1Caches]
Reads             1087347   1081787   1081787   1081691   1081787   1081787   1081691   1081883   1081787   1081691   1081883   1081787   1081691   1081883   1081787   1081787
Read Misses         71770     71517     71617     72248     72842     72145     71856     71734     73367     72249     73514     73103     71512     71885     71530     72239
Writes            1014663   1010979   1010979   1010979   1010979   1010979   1010979   1010979   1010979   1010979   1010979   1010979   1010979   1010979   1010979   1010979
Writes Misses       74552     76598     76669     75424     76616     75140     76473     76688     75374     74509     75465     76640     75897     75801     74509     74967
WritesBacks         86043     87864     88132     86779     88155     86412     87749     88159     87820     86058     88055     88054     87230     87119     85866     86629
DirtyBlocks           339       447       446       454       448       444       448       447       447       455       444       448       448       445       452       444
MP Flushed            567       568       572       566       570       571       570       570       569       565       568       569       571       569       565       571
MP Writebacks         186       187       185       187       184       186       187       187       187       187       187       185       183       187       187       183
[L2Caches]
Reads               71770     71517     71617     72248     72842     72145     71856     71734     73367     72249     73514     73103     71512     71885     71530     72239
Read Misses          6340      6171      6171      6171      6171      6171      6171      6171      6171      6171      6171      6171      6171      6171      6171      6171
Writes              86043     87864     88132     86779     88155     86412     87749     88159     87820     86058     88055     88054     87230     87119     85866     86629
Writes Misses        9071      9067      9068      9068      9068      9067      9068      9068      9067      9068      9068      9067      9067      9068      9068      9067
WritesBacks             0         0         0         0         0         0         0         0         0         0         0         0         0         0         0         0
DirtyBlocks         13037     12925     12926     12922     12924     12922     12923     12923     12925     12922     12925     12922     12922     12925     12921     12923
MP Flushed           8194      8193      8193      8193      8193      8193      8193      8193      8193      8193      8193      8193      8193      8193      8193      8193
MP Writebacks           0         0         0         0         0         0         0         0         0         0         0         0         0         0         0         0
MP fromCache         8053      8054      8054      8054      8057      8054      8054      8054      8054      8054      8054      8056      8057      8054      8054      8057
MP fromMem            140       140       140       140       137       140       140       140       140       140       140       138       137       140       140       137
MP toCache           8194      8193      8193      8193      8193      8193      8193      8193      8193      8193      8193      8193      8193      8193      8193      8193
MP toMem                0         0         0         0         0         0         0         0         0         0         0         0         0         0         0         0
