>>>>>>>>>> Phase 0 End <<<<<<<<<<
  Current Cycles: 444
  Current Simulated: 20 0 0 0 0 0 0 0 0 0 0 0 0 0 0 0 
>>>>>>>>>> Phase 1 End <<<<<<<<<<
  Current Cycles: 11341581
  Current Simulated: 153551 153551 153551 153551 153551 153551 153551 153551 153551 153551 153551 153551 153551 153551 153551 153551 
>>>>>>>>>> Phase 2 End <<<<<<<<<<
  Current Cycles: 11342636
  Current Simulated: 55 0 0 0 0 0 0 0 0 0 0 0 0 0 0 0 
>>>>>>>>>> Phase 3 End <<<<<<<<<<
  Current Cycles: 17093680
  Current Simulated: 543566 543566 543566 543566 543566 543566 543566 543566 543566 543566 543566 543566 543566 543566 543566 543566 
>>>>>>>>>> Phase 4 End <<<<<<<<<<
  Current Cycles: 17095165
  Current Simulated: 53 0 0 0 0 0 0 0 0 0 0 0 0 0 0 116 
>>>>>>>>>> Phase 5 End <<<<<<<<<<
  Current Cycles: 23082395
  Current Simulated: 543566 543566 543566 543566 543567 543566 543566 543566 543566 543566 543566 543566 543566 543567 543566 543566 
>>>>>>>>>> Phase 6 End <<<<<<<<<<
  Current Cycles: 23083286
  Current Simulated: 53 116 0 0 0 0 116 0 0 0 0 0 116 0 0 0 
>>>>>>>>>> Phase 7 End <<<<<<<<<<
  Current Cycles: 28474332
  Current Simulated: 542563 542563 542563 542563 542563 542563 542563 542563 542563 542563 542563 542563 542563 542563 542563 542563 
>>>>>>>>>> Phase 8 End <<<<<<<<<<
  Current Cycles: 28475453
  Current Simulated: 27 0 0 46 11 59 116 68 115 116 116 0 48 116 59 116 
>>>>>>>>>> Phase 9 End <<<<<<<<<<
  Current Cycles: 28506757
  Current Simulated: 1068 987 1196 983 1137 1137 1080 1086 1080 1080 988 1080 1657 1080 1137 981 
>>>>>>>>>> Phase 10 End <<<<<<<<<<
  Current Cycles: 28637366
  Current Simulated: 11222 93 0 73 48 0 0 0 0 0 0 0 0 0 0 0 
>>>>>>>>>> Phase 11 End <<<<<<<<<<
  Current Cycles: 28637367
  Current Simulated: 0 0 0 0 0 0 0 0 0 0 0 0 0 0 0 0 
>>>>>>>>>> Phase 12 End <<<<<<<<<<
  Current Cycles: 28637368
  Current Simulated: 0 0 0 0 0 0 0 0 0 0 0 0 0 0 0 0 
Total Cycles: 28637368
[L1Caches]
Reads              924079    917208    917208    917114    917209    917208    917322    917166    917207    917208    917116    917094    917655    917209    917208    917221
Read Misses         81767     81474     81429     81831     81474     81618     81941     81830     81825     81605     81430     81481     81646     81827     81431     81651
Writes             871665    867234    867234    867234    867234    867234    867236    867234    867234    867234    867234    867232    867412    867234    867234    867238
Writes Misses       87985     86955     87226     87273     86911     87130     87797     87255     88067     87442     87202     87719     87891     88105     87264     87457
Invalidated            17        23        27        24        25        23        25        29        28        25        23        24        12        24        24        20
[L2Caches]
Reads               81767     81474     81429     81831     81474     81618     81941     81830     81825     81605     81430     81481     81646     81827     81431     81651
Read Misses         14532     14301     14303     14301     14301     14300     14302     14305     14303     14302     14301     14300     14312     14301     14302     14298
Writes             871665    867234    867234    867234    867234    867234    867236    867234    867234    867234    867234    867232    867412    867234    867234    867238
Writes Misses        5304      5234      5233      5233      5233      5231      5233      5232      5233      5232      5232      5231      5231      5231      5232      5231
WritesBacks           969      1501      1072      1194      1703       452       562      1170      1201       970       499      2315       917      1162      1293      1203
Invalidates          1084       998       963       623       567      1348       853      1220       462      1262      1420       570       633      1054       836       531
Invalidated          7863      7608      7826      7812      7584      7647      7810      7835      7826      7420      7451      7235      7817      7833      7253      7838
Read                 8240      8157      8027      7938      7958      7891      8087      7992      8001      7715      7823      7381      7884      7892      7324      7848
Exclusived             67        11        71        56        39        47        79        83       176        76        99       125        70        52        25        37
DirtyBlocks          8512      7972      8374      8256      7790      9138      8879      8273      8258      8736      9113      7677      8535      8279      8684      8238
[Dir  0  ]
MemReads       6425
MemWrites      8933
MemFootPrint   11484
req.s from L2        1782      1692      1689      1687      1688      1688      1685      1688      1694      1693      1698      1696      1704      1699      1706      1819
WB.s  from L2          67        91        66        70       102        25        33        74        72        58        27       147        55        74        80        97
inv.s from L2          90        67        56        39        28        78        48        76        29        79        89        37        35        64        49        45
inv.s   to L2         536       468       487       488       482       481       489       488       488       459       463       445       487       488       450       545
read.s  to L2         546       627       488       484       491       487       485       486       485       471       475       448       487       487       451       544
exclu.s to L2           0         2         7         6         5         5         7         2         9         3         5         8         4         4         1         3
[Dir  1  ]
MemReads       6429
MemWrites      8950
MemFootPrint   11489
req.s from L2        1806      1819      1698      1694      1694      1696      1689      1694      1705      1700      1707      1708      1702      1705      1712      1707
WB.s  from L2          73       110        67        74       103        25        33        75        75        61        30       149        55        74        84        77
inv.s from L2          91        73        59        36        30        80        51        76        27        76        91        36        39        66        51        32
inv.s   to L2         545       532       497       494       484       486       494       498       496       472       465       453       483       492       452       491
read.s  to L2         729       545       494       487       495       510       498       490       490       488       479       451       485       498       449       490
exclu.s to L2           9         3         7         6         5         5         8         8         7         3         4         7         5         5         2         3
[Dir  2  ]
MemReads       6418
MemWrites      8797
MemFootPrint   11479
req.s from L2        1660      1805      1799      1678      1677      1679      1672      1672      1682      1677      1690      1690      1690      1687      1693      1690
WB.s  from L2          57       104        70        69       102        20        29        71        69        55        29       146        52        70        76        71
inv.s from L2          63        64        75        35        30        80        48        75        25        69        90        32        38        65        50        30
inv.s   to L2         484       527       534       481       468       475       481       481       481       462       451       441       480       480       441       481
read.s  to L2         487       550       541       562       480       476       527       481       481       464       469       445       481       481       446       482
exclu.s to L2           8         0         2         2         1         2         4         6         7         6         1         4         5         4         0         3
[Dir  3  ]
MemReads       6426
MemWrites      8820
MemFootPrint   11500
req.s from L2        1667      1687      1804      1799      1678      1681      1673      1672      1677      1678      1689      1693      1693      1690      1696      1692
WB.s  from L2          60        95        70        95       102        20        31        70        69        57        29       146        54        69        77        70
inv.s from L2          65        53        77        56        37        81        49        76        26        73        83        30        37        66        52        32
inv.s   to L2         484       472       533       529       463       475       481       481       481       458       458       442       480       480       441       481
read.s  to L2         489       488       633       541       480       476       484       529       481       464       467       446       481       481       446       482
exclu.s to L2           7         0         3         2         2         2         6         7        12         7         4         2         3         3         0         3
[Dir  4  ]
MemReads       6429
MemWrites      8867
MemFootPrint   11501
req.s from L2        1670      1690      1686      1808      1680      1805      1677      1677      1680      1681      1685      1694      1699      1695      1700      1697
WB.s  from L2          58        94        65        98       104        55        32        73        73        56        31       146        53        70        81        74
inv.s from L2          67        56        60        58        40       107        52        75        27        78        81        32        40        67        50        32
inv.s   to L2         484       469       480       527       459       515       480       481       480       455       463       444       479       480       442       481
read.s  to L2         569       485       484       540       481       671       481       481       481       465       468       445       480       482       446       481
exclu.s to L2           5         1         5         4         2         2         7         8        15         9        13         6         1         0         0         3
[Dir  5  ]
MemReads       6436
MemWrites      8889
MemFootPrint   11505
req.s from L2        1675      1690      1685      1685      1801      1808      1676      1678      1681      1683      1686      1686      1697      1695      1698      1696
WB.s  from L2          63        94        68        73       123        57        33        72        73        58        30       144        59        71        79        75
inv.s from L2          65        59        59        36        60       106        51        76        26        78        83        31        39        66        50        31
inv.s   to L2         485       468       483       482       516       516       483       483       483       457       462       448       484       482       446       482
read.s  to L2         489       559       486       480       638       529       485       481       481       467       471       448       482       482       449       481
exclu.s to L2           4         1         5         4         1         3         4         5        15         5         9        12         4         0         0         3
[Dir  6  ]
MemReads       6419
MemWrites      8832
MemFootPrint   11494
req.s from L2        1663      1683      1679      1677      1799      1680      1792      1672      1675      1678      1681      1679      1685      1686      1692      1688
WB.s  from L2          60        92        65        71       119        24        55        69        71        57        27       141        55        69        78        72
inv.s from L2          66        63        59        37        47        85        81        75        27        76        88        30        38        64        48        30
inv.s   to L2         485       464       481       481       526       469       526       482       481       457       457       447       480       482       445       481
read.s  to L2         487       487       501       486       532       471       541       561       480       467       469       450       481       481       448       481
exclu.s to L2           4         1         5         4         3         4         2         3        14         3         8        11         6         2         0         3
[Dir  7  ]
MemReads       6423
MemWrites      8856
MemFootPrint   11500
req.s from L2        1670      1686      1683      1682      1683      1683      1800      1795      1680      1681      1685      1684      1687      1686      1696      1694
WB.s  from L2          60        91        66        72       108        28        55        85        68        55        27       141        56        69        77        71
inv.s from L2          65        68        58        38        22        83        78        82        28        76        88        31        37        64        46        31
inv.s   to L2         486       462       484       483       475       469       529       538       485       461       460       451       484       484       452       484
read.s  to L2         491       489       486       494       473       471       663       540       481       470       471       449       481       480       449       482
exclu.s to L2           3         1         5         4         4         4         4         4        13         3         8        11         6         6         0         1
[Dir  8  ]
MemReads       6425
MemWrites      8828
MemFootPrint   11512
req.s from L2        1666      1685      1680      1679      1680      1682      1673      1798      1681      1803      1685      1684      1687      1684      1691      1694
WB.s  from L2          56        92        67        73       106        25        31        83        71        83        23       139        57        71        72        72
inv.s from L2          65        72        57        38        27        83        49        84        28        98        88        31        36        65        47        32
inv.s   to L2         484       460       482       481       469       468       482       536       482       504       458       450       481       482       452       482
read.s  to L2         513       480       486       479       498       469       484       540       480       589       482       450       487       480       453       480
exclu.s to L2           3         1         5         4         4         4         7         4        10         2         5        10         6         7         3         2
[Dir  9  ]
MemReads       6426
MemWrites      8861
MemFootPrint   11494
req.s from L2        1660      1686      1683      1680      1681      1682      1676      1677      1803      1805      1688      1685      1687      1686      1692      1692
WB.s  from L2          61        92        69        73       108        27        33        71       103        81        25       140        57        72        75        72
inv.s from L2          63        69        58        35        29        80        49        74        42        92        86        30        38        64        50        31
inv.s   to L2         484       462       483       482       467       471       483       483       535       510       460       450       482       481       450       483
read.s  to L2         492       509       482       480       482       490       480       481       638       521       472       455       480       479       450       482
exclu.s to L2           5         1         5         4         4         4         7         4         8         3         2         7         6         5         4         2
[Dir 10  ]
MemReads       6445
MemWrites      8878
MemFootPrint   11514
req.s from L2        1662      1689      1687      1686      1686      1686      1680      1680      1806      1684      1811      1692      1690      1689      1693      1695
WB.s  from L2          57        91        66        70       110        26        33        71       101        58        62       141        55        69        75        71
inv.s from L2          62        61        58        35        32        81        49        75        42        75       102        29        38        66        52        31
inv.s   to L2         486       473       483       483       465       471       483       483       536       461       511       452       483       483       448       484
read.s  to L2         488       491       500       481       477       473       508       481       537       492       530       521       485       482       449       482
exclu.s to L2           8         0         3         2         2         2         6         6         9         5         2         3         3         3         5         2
[Dir 11  ]
MemReads       6451
MemWrites      8818
MemFootPrint   11516
req.s from L2        1662      1681      1680      1680      1680      1682      1675      1674      1676      1678      1803      1806      1689      1684      1689      1689
WB.s  from L2          57        90        66        69       106        25        33        71        69        59        56       151        54        69        76        69
inv.s from L2          65        53        55        35        38        79        47        77        26        75        94        57        37        66        49        32
inv.s   to L2         484       478       480       480       458       468       480       480       480       455       516       497       480       480       445       481
read.s  to L2         484       486       483       487       480       468       486       497       483       463       586       502       482       484       448       481
exclu.s to L2           5         0         2         0         0         0         4         6        11         6         7         4         1         1         3         2
[Dir 12  ]
MemReads       6450
MemWrites      8823
MemFootPrint   11515
req.s from L2        1661      1688      1683      1684      1686      1687      1681      1679      1683      1683      1686      1809      1814      1691      1696      1694
WB.s  from L2          59        92        69        72       105        26        33        72        72        58        29       149        73        69        78        69
inv.s from L2          63        56        58        35        43        83        51        75        26        80        85        57        53        66        50        32
inv.s   to L2         484       474       480       480       455       468       479       480       479       452       460       497       537       480       445       481
read.s  to L2         516       487       483       481       506       470       480       481       554       463       471       503       538       522       448       486
exclu.s to L2           2         0         4         2         0         0         4         6        12         7        10         9         3         0         2         2
[Dir 13  ]
MemReads       6442
MemWrites      8826
MemFootPrint   11497
req.s from L2        1661      1682      1679      1676      1680      1679      1675      1674      1676      1677      1681      1680      1807      1803      1690      1689
WB.s  from L2          59        91        66        72       103        23        32        70        72        58        25       146        71        87        76        71
inv.s from L2          66        57        57        36        44        83        50        75        26        79        88        33        52        70        48        31
inv.s   to L2         484       471       481       481       454       470       480       481       480       453       458       440       538       540       447       481
read.s  to L2         488       492       481       480       482       485       480       480       487       493       471       445       589       540       449       480
exclu.s to L2           1         0         4         4         0         2         3         6        14         6         9        13         7         3         2         2
[Dir 14  ]
MemReads       6432
MemWrites      8843
MemFootPrint   11489
req.s from L2        1666      1684      1682      1680      1681      1680      1679      1679      1682      1682      1686      1687      1691      1808      1814      1692
WB.s  from L2          61        91        67        71       102        24        32        72        70        58        24       145        54        88       106        73
inv.s from L2          64        62        59        37        37        79        50        75        29        79        92        38        38        72        74        32
inv.s   to L2         484       466       478       480       464       472       480       480       480       452       455       439       480       539       497       481
read.s  to L2         486       493       510       480       482       472       512       480       483       474       551       445       481       547       504       493
exclu.s to L2           3         0         4         4         2         4         4         5        11         5         7        10         6         5         2         2
[Dir 15  ]
MemReads       6430
MemWrites      8847
MemFootPrint   11483
req.s from L2        1657      1683      1680      1678      1678      1680      1676      1680      1683      1684      1687      1687      1693      1689      1814      1813
WB.s  from L2          61        91        65        72       100        22        34        71        73        58        25       144        57        71       103        99
inv.s from L2          64        65        58        37        23        80        50        74        28        79        92        36        38        63        70        47
inv.s   to L2         484       462       480       480       479       473       480       480       479       452       454       439       479       480       500       539
read.s  to L2         486       489       489       496       481       473       493       503       479       464       491       478       484       486       539       541
exclu.s to L2           0         0         5         4         4         4         2         3         9         3         5         8         4         4         1         1
