>>>>>>>>>> MPI Alltoall (4,262144)<<<<<<<<<<
  p12 (12288,12291,137,40960,40970,1889,1300538)
  p13 (12288,12291,140,40960,40970,1889,1300568)
  p14 (12288,12291,140,40960,40970,1889,1300568)
  p15 (12288,12291,137,40960,40970,1888,1300388)
  MP Cycles: 1300568
>>>>>>>>>> MPI Alltoall (4,262144)<<<<<<<<<<
  p0 (12288,12291,140,40960,40970,1889,1300568)
  p1 (12288,12291,140,40960,40970,1889,1300568)
  p2 (12288,12291,140,40960,40970,1886,1300118)
  p3 (12288,12291,140,40960,40970,1889,1300568)
  MP Cycles: 1300568
>>>>>>>>>> MPI Alltoall (4,262144)<<<<<<<<<<
  p4 (12288,12291,137,40960,40970,1889,1300538)
  p5 (12288,12291,140,40960,40970,1889,1300568)
  p6 (12288,12291,140,40960,40970,1889,1300568)
  p7 (12288,12291,140,40960,40970,1886,1300118)
  MP Cycles: 1300568
>>>>>>>>>> MPI Alltoall (4,262144)<<<<<<<<<<
  p8 (12288,12291,140,40960,40970,1886,1300118)
  p9 (12288,12291,140,40960,40970,1889,1300568)
  p10 (12288,12291,140,40960,40970,1889,1300568)
  p11 (12288,12291,138,40960,40970,1888,1300398)
  MP Cycles: 1300568
>>>>>>>>>> MPI Alltoall (4,262144)<<<<<<<<<<
  p1 (12291,12288,46,40970,40960,2132,1336081)
  p5 (12291,12288,45,40970,40960,2133,1336221)
  p9 (12291,12288,46,40970,40960,2131,1335931)
  p13 (12291,12288,46,40970,40960,2134,1336381)
  MP Cycles: 1336381
>>>>>>>>>> MPI Alltoall (4,262144)<<<<<<<<<<
  p0 (12291,12288,46,40970,40960,2134,1336381)
  p4 (12291,12288,46,40970,40960,2133,1336231)
  p8 (12291,12288,46,40970,40960,2130,1335781)
  p12 (12291,12288,45,40970,40960,2133,1336221)
  MP Cycles: 1336381
>>>>>>>>>> MPI Alltoall (4,262144)<<<<<<<<<<
  p3 (12291,12288,46,40970,40960,2135,1336531)
  p7 (12291,12288,46,40970,40960,2133,1336231)
  p11 (12291,12288,46,40970,40960,2132,1336081)
  p15 (12291,12288,45,40970,40960,2133,1336221)
  MP Cycles: 1336531
>>>>>>>>>> MPI Alltoall (4,262144)<<<<<<<<<<
  p2 (12291,12288,44,40970,40960,2133,1336211)
  p6 (12291,12288,46,40970,40960,2133,1336231)
  p10 (12291,12288,46,40970,40960,2133,1336231)
  p14 (12291,12288,46,40970,40960,2132,1336081)
  MP Cycles: 1336231
>>>>>>>>>> MPI Reduce (16,16)<<<<<<<<<<
  p0 (Root 3,10,10)
  p1 (3,1,10,1,173)
  p2 (3,1,10,1,173)
  p3 (3,1,10,0,23)
  p4 (3,1,10,1,173)
  p5 (3,1,10,1,173)
  p6 (3,1,10,1,173)
  p7 (3,1,10,1,173)
  p8 (3,1,10,1,173)
  p9 (3,1,10,0,23)
  p10 (3,1,10,1,173)
  p11 (3,1,10,1,173)
  p12 (3,1,10,1,173)
  p13 (3,1,10,0,23)
  p14 (3,1,10,0,23)
  p15 (3,1,10,1,173)
  MP Cycles: 173
>>>>>>>>>> Phase 0 End <<<<<<<<<<
  Current Cycles: 12828216
  Current Simulated: 2102013 2092769 2092769 2092673 2092769 2092769 2092673 2092865 2092769 2092673 2092865 2092769 2092673 2092865 2092769 2092769 
>>>>>>>>>> Phase 1 End <<<<<<<<<<
  Current Cycles: 12828217
  Current Simulated: 0 0 0 0 0 0 0 0 0 0 0 0 0 0 0 0 
>>>>>>>>>> Phase 2 End <<<<<<<<<<
  Current Cycles: 12828218
  Current Simulated: 0 0 0 0 0 0 0 0 0 0 0 0 0 0 0 0 
Total Cycles: 12828218
[L1Caches]
Reads             1087347   1081787   1081787   1081691   1081787   1081787   1081691   1081883   1081787   1081691   1081883   1081787   1081691   1081883   1081787   1081787
Read Misses         71770     71517     71617     72248     72842     72145     71856     71734     73367     72249     73514     73103     71512     71885     71530     72239
Writes            1014663   1010979   1010979   1010979   1010979   1010979   1010979   1010979   1010979   1010979   1010979   1010979   1010979   1010979   1010979   1010979
Writes Misses       74552     76598     76669     75424     76616     75140     76473     76688     75374     74509     75465     76640     75897     75801     74509     74967
WritesBacks         86043     87864     88132     86779     88155     86412     87749     88159     87820     86058     88055     88054     87230     87119     85866     86629
DirtyBlocks           339       447       446       454       448       444       448       447       447       455       444       448       448       445       452       444
MP Flushed            567       568       572       566       570       571       570       570       569       565       568       569       571       569       565       571
MP Writebacks         186       187       185       187       184       186       187       187       187       187       187       185       183       187       187       183
[L2Caches]
Reads               71770     71517     71617     72248     72842     72145     71856     71734     73367     72249     73514     73103     71512     71885     71530     72239
Read Misses         33219     33086     33124     33075     33102     33052     33066     33108     33078     33049     33059     33107     33116     33048     33050     33055
Writes              86043     87864     88132     86779     88155     86412     87749     88159     87820     86058     88055     88054     87230     87119     85866     86629
Writes Misses       27184     27021     27025     27019     27034     27008     27022     27027     27015     27017     27021     27015     27028     27029     27012     27021
WritesBacks         33228     33127     33128     33113     33115     33115     33113     33139     33127     33125     33129     33126     33129     33111     33121     33125
DirtyBlocks          2296      2258      2258      2242      2254      2235      2257      2256      2243      2234      2242      2251      2256      2256      2232      2233
MP Flushed           3886      3887      3890      3886      3887      3886      3887      3890      3892      3887      3887      3888      3887      3886      3886      3888
MP Writebacks        4023      4022      4020      4024      4023      4023      4023      4020      4017      4020      4023      4021      4023      4023      4021      4022
