>>>>>>>>>> Phase 0 End <<<<<<<<<<
  Current Cycles: 444
  Current Simulated: 20 0 0 0 0 0 0 0 0 0 0 0 0 0 0 0 
>>>>>>>>>> Phase 1 End <<<<<<<<<<
  Current Cycles: 11341581
  Current Simulated: 153551 153551 153551 153551 153551 153551 153551 153551 153551 153551 153551 153551 153551 153551 153551 153551 
>>>>>>>>>> Phase 2 End <<<<<<<<<<
  Current Cycles: 11342636
  Current Simulated: 55 0 0 0 0 0 0 0 0 0 0 0 0 0 0 0 
>>>>>>>>>> Phase 3 End <<<<<<<<<<
  Current Cycles: 17000350
  Current Simulated: 543566 543566 543566 543566 543566 543566 543566 543566 543566 543566 543566 543566 543566 543566 543566 543566 
>>>>>>>>>> Phase 4 End <<<<<<<<<<
  Current Cycles: 17001826
  Current Simulated: 53 0 0 0 0 0 0 0 0 0 0 0 0 0 0 116 
>>>>>>>>>> Phase 5 End <<<<<<<<<<
  Current Cycles: 22983901
  Current Simulated: 543566 543566 543566 543566 543567 543566 543566 543566 543566 543566 543566 543566 543566 543567 543566 543566 
>>>>>>>>>> Phase 6 End <<<<<<<<<<
  Current Cycles: 22984783
  Current Simulated: 53 116 0 0 0 0 116 0 0 0 0 0 116 0 0 0 
>>>>>>>>>> Phase 7 End <<<<<<<<<<
  Current Cycles: 28375796
  Current Simulated: 542563 542563 542563 542563 542563 542563 542563 542563 542563 542563 542563 542563 542563 542563 542563 542563 
>>>>>>>>>> Phase 8 End <<<<<<<<<<
  Current Cycles: 28376880
  Current Simulated: 27 0 0 46 11 59 116 68 115 116 116 0 48 116 59 116 
>>>>>>>>>> Phase 9 End <<<<<<<<<<
  Current Cycles: 28407549
  Current Simulated: 1068 987 1196 983 1137 1137 1080 1086 1080 1080 988 1080 1657 1080 1137 981 
>>>>>>>>>> Phase 10 End <<<<<<<<<<
  Current Cycles: 28537951
  Current Simulated: 11222 93 0 73 48 0 0 0 0 0 0 0 0 0 0 0 
>>>>>>>>>> Phase 11 End <<<<<<<<<<
  Current Cycles: 28537952
  Current Simulated: 0 0 0 0 0 0 0 0 0 0 0 0 0 0 0 0 
>>>>>>>>>> Phase 12 End <<<<<<<<<<
  Current Cycles: 28537953
  Current Simulated: 0 0 0 0 0 0 0 0 0 0 0 0 0 0 0 0 
Total Cycles: 28537953
[L1Caches]
Reads              924079    917208    917208    917114    917209    917208    917322    917166    917207    917208    917116    917094    917655    917209    917208    917221
Read Misses         81766     81473     81429     81832     81476     81619     81946     81828     81824     81609     81431     81482     81646     81825     81429     81651
Writes             871665    867234    867234    867234    867234    867234    867236    867234    867234    867234    867234    867232    867412    867234    867234    867238
Writes Misses       87984     86955     87224     87273     86909     87130     87797     87254     88068     87442     87205     87719     87891     88105     87265     87457
Invalidated            15        22        25        25        25        24        30        26        28        29        27        25        12        22        23        20
[L2Caches]
Reads               81766     81473     81429     81832     81476     81619     81946     81828     81824     81609     81431     81482     81646     81825     81429     81651
Read Misses         14528     14298     14301     14302     14301     14300     14306     14302     14301     14305     14301     14299     14311     14298     14300     14297
Writes             871665    867234    867234    867234    867234    867234    867236    867234    867234    867234    867234    867232    867412    867234    867234    867238
Writes Misses        5304      5232      5233      5234      5234      5232      5232      5232      5233      5231      5233      5232      5230      5233      5230      5232
WritesBacks             0         0         0         0         1         2         5         0         0         3         0         0         2         1         5         0
Invalidates           121         0         0         0         0         0         0         0         0         1         0         0         0         0         0        17
Invalidated          7882      7899      7903      7904      7903      7901      7907      7903      7904      7905      7903      7901      7890      7900      7898      7895
Read                 8290      8253      8074      7984      8081      8081      8150      8072      8062      8053      8006      7978      7930      7942      7912      7916
Exclusived              0         0         0         0         0         0         0         0         0         0         0         0         0         0         1         0
DirtyBlocks          9480      9385      9385      9385      9384      9383      9380      9385      9385      9382      9385      9385      9385      9384      9380      9385
[Dir  0  ]
MemReads       6263
MemWrites      7958
MemFootPrint   11484
req.s from L2        1834      1706      1706      1706      1706      1705      1708      1706      1706      1705      1706      1704      1708      1706      1707      1822
WB.s  from L2           0         0         0         0         0         0         0         0         0         0         0         0         0         1         0         0
inv.s from L2           8         0         0         0         0         0         0         0         0         0         0         0         0         0         0         1
inv.s   to L2         545       491       491       492       491       492       493       492       491       491       492       490       491       492       491       549
read.s  to L2         547       642       490       489       490       492       489       489       489       491       489       488       491       490       489       549
exclu.s to L2           0         0         0         0         0         0         0         0         0         0         0         0         0         0         0         0
[Dir  1  ]
MemReads       6268
MemWrites      7949
MemFootPrint   11489
req.s from L2        1854      1831      1714      1715      1713      1713      1718      1715      1714      1718      1714      1714      1706      1710      1712      1711
WB.s  from L2           0         0         0         0         0         2         0         0         0         0         0         0         2         0         0         0
inv.s from L2          10         0         0         0         0         0         0         0         0         1         0         0         0         0         0         1
inv.s   to L2         555       556       499       499       497       497       501       499       500       501       498       498       487       495       495       494
read.s  to L2         746       554       497       489       499       499       509       499       493       508       490       492       488       498       489       492
exclu.s to L2           0         0         0         0         0         0         0         0         0         0         0         0         0         0         1         0
[Dir  2  ]
MemReads       6257
MemWrites      7868
MemFootPrint   11479
req.s from L2        1710      1814      1813      1694      1694      1694      1693      1694      1694      1694      1693      1694      1695      1694      1693      1694
WB.s  from L2           0         0         0         0         0         0         0         0         0         0         0         0         0         0         0         0
inv.s from L2           9         0         0         0         0         0         0         0         0         0         0         0         0         0         0         1
inv.s   to L2         484       544       544       484       484       484       484       484       484       484       484       484       484       484       484       484
read.s  to L2         489       564       545       551       484       484       538       484       484       484       485       484       484       484       485       485
exclu.s to L2           0         0         0         0         0         0         0         0         0         0         0         0         0         0         0         0
[Dir  3  ]
MemReads       6264
MemWrites      7868
MemFootPrint   11500
req.s from L2        1717      1696      1816      1815      1696      1696      1696      1695      1696      1696      1696      1695      1696      1696      1696      1696
WB.s  from L2           0         0         0         0         0         0         0         0         0         0         0         0         0         0         0         0
inv.s from L2           7         0         0         0         0         0         0         0         0         0         0         0         0         0         0         1
inv.s   to L2         484       484       544       544       484       484       484       484       484       484       484       484       484       484       484       484
read.s  to L2         491       495       637       545       484       484       487       532       484       484       484       486       484       484       484       485
exclu.s to L2           0         0         0         0         0         0         0         0         0         0         0         0         0         0         0         0
[Dir  4  ]
MemReads       6265
MemWrites      7868
MemFootPrint   11501
req.s from L2        1718      1700      1701      1821      1700      1821      1701      1701      1700      1701      1701      1701      1701      1700      1701      1701
WB.s  from L2           0         0         0         0         0         0         0         0         0         0         0         0         0         0         0         0
inv.s from L2           7         0         0         0         0         0         0         0         0         0         0         0         0         0         0         1
inv.s   to L2         484       484       484       544       484       544       484       484       484       484       484       484       484       484       484       484
read.s  to L2         571       490       485       544       485       687       484       484       485       484       484       484       484       485       484       484
exclu.s to L2           0         0         0         0         0         0         0         0         0         0         0         0         0         0         0         0
[Dir  5  ]
MemReads       6268
MemWrites      7886
MemFootPrint   11505
req.s from L2        1724      1700      1699      1700      1820      1820      1699      1700      1700      1700      1699      1700      1703      1700      1699      1700
WB.s  from L2           0         0         0         0         0         0         0         0         0         1         0         0         0         0         0         0
inv.s from L2           8         0         0         0         0         0         0         0         0         0         0         0         0         0         0         2
inv.s   to L2         485       486       487       486       547       546       487       486       486       487       486       487       487       487       486       487
read.s  to L2         492       564       488       484       649       544       487       486       484       486       485       485       486       486       485       485
exclu.s to L2           0         0         0         0         0         0         0         0         0         0         0         0         0         0         0         0
[Dir  6  ]
MemReads       6257
MemWrites      7869
MemFootPrint   11494
req.s from L2        1712      1693      1693      1692      1813      1693      1813      1692      1693      1693      1693      1692      1694      1693      1693      1692
WB.s  from L2           0         0         0         0         0         0         0         0         0         0         0         0         0         0         0         0
inv.s from L2           7         0         0         0         0         0         0         0         0         0         0         0         0         0         0         1
inv.s   to L2         485       485       485       485       545       485       545       485       485       485       485       485       484       485       485       485
read.s  to L2         488       491       499       489       544       486       544       568       484       484       484       486       485       484       484       485
exclu.s to L2           0         0         0         0         0         0         0         0         0         0         0         0         0         0         0         0
[Dir  7  ]
MemReads       6263
MemWrites      7889
MemFootPrint   11500
req.s from L2        1720      1697      1697      1697      1697      1696      1817      1817      1697      1696      1697      1697      1696      1697      1697      1697
WB.s  from L2           0         0         0         0         0         0         1         0         0         0         0         0         0         0         1         0
inv.s from L2           7         0         0         0         0         0         0         0         0         0         0         0         0         0         0         1
inv.s   to L2         486       487       488       488       488       488       548       548       488       488       488       488       488       488       488       487
read.s  to L2         491       494       494       498       484       487       662       544       484       486       484       484       485       484       484       485
exclu.s to L2           0         0         0         0         0         0         0         0         0         0         0         0         0         0         0         0
[Dir  8  ]
MemReads       6260
MemWrites      7873
MemFootPrint   11512
req.s from L2        1715      1696      1695      1696      1696      1696      1695      1816      1696      1816      1695      1696      1697      1696      1695      1696
WB.s  from L2           0         0         0         0         0         0         1         0         0         0         0         0         0         0         1         0
inv.s from L2           8         0         0         0         0         0         0         0         0         0         0         0         0         0         0         1
inv.s   to L2         484       486       486       486       486       486       486       546       486       546       486       486       486       486       486       486
read.s  to L2         517       485       486       484       515       484       485       544       484       619       490       484       484       484       485       484
exclu.s to L2           0         0         0         0         0         0         0         0         0         0         0         0         0         0         0         0
[Dir  9  ]
MemReads       6255
MemWrites      7877
MemFootPrint   11494
req.s from L2        1713      1697      1697      1696      1697      1697      1697      1696      1817      1817      1697      1696      1698      1697      1697      1696
WB.s  from L2           0         0         0         0         0         0         2         0         0         0         0         0         0         0         2         0
inv.s from L2           6         0         0         0         0         0         0         0         0         0         0         0         0         0         0         1
inv.s   to L2         484       487       487       487       487       487       487       487       547       547       487       487       487       487       487       487
read.s  to L2         493       515       485       485       491       505       484       485       646       544       484       489       484       484       484       486
exclu.s to L2           0         0         0         0         0         0         0         0         0         0         0         0         0         0         0         0
[Dir 10  ]
MemReads       6277
MemWrites      7895
MemFootPrint   11514
req.s from L2        1719      1699      1699      1700      1700      1698      1699      1699      1819      1699      1819      1699      1700      1699      1699      1699
WB.s  from L2           0         0         0         0         1         0         1         0         0         0         0         0         0         0         1         0
inv.s from L2           7         0         0         0         0         0         0         0         0         0         0         0         0         0         0         1
inv.s   to L2         486       488       487       488       489       487       487       487       548       487       548       487       487       487       487       487
read.s  to L2         490       495       503       484       486       489       514       486       545       518       545       544       488       485       487       485
exclu.s to L2           0         0         0         0         0         0         0         0         0         0         0         0         0         0         0         0
[Dir 11  ]
MemReads       6281
MemWrites      7868
MemFootPrint   11516
req.s from L2        1717      1692      1693      1693      1692      1693      1693      1693      1692      1693      1813      1813      1695      1692      1693      1693
WB.s  from L2           0         0         0         0         0         0         0         0         0         0         0         0         0         0         0         0
inv.s from L2           6         0         0         0         0         0         0         0         0         0         0         0         0         0         0         1
inv.s   to L2         484       484       484       484       484       484       484       484       484       484       544       544       484       484       484       484
read.s  to L2         486       490       487       490       487       486       490       505       487       484       593       544       485       487       484       485
exclu.s to L2           0         0         0         0         0         0         0         0         0         0         0         0         0         0         0         0
[Dir 12  ]
MemReads       6280
MemWrites      7868
MemFootPrint   11515
req.s from L2        1714      1699      1699      1698      1699      1699      1699      1698      1699      1699      1699      1818      1822      1699      1699      1698
WB.s  from L2           0         0         0         0         0         0         0         0         0         0         0         0         0         0         0         0
inv.s from L2           7         0         0         0         0         0         0         0         0         0         0         0         0         0         0         1
inv.s   to L2         484       484       484       484       484       484       484       484       484       484       484       544       544       484       484       484
read.s  to L2         523       488       484       485       521       485       484       485       552       484       484       545       544       522       484       489
exclu.s to L2           0         0         0         0         0         0         0         0         0         0         0         0         0         0         0         0
[Dir 13  ]
MemReads       6277
MemWrites      7868
MemFootPrint   11497
req.s from L2        1713      1693      1693      1693      1693      1692      1693      1693      1693      1692      1693      1693      1814      1813      1693      1693
WB.s  from L2           0         0         0         0         0         0         0         0         0         0         0         0         0         0         0         0
inv.s from L2           9         0         0         0         0         0         0         0         0         0         0         0         0         0         0         1
inv.s   to L2         484       485       485       485       485       485       485       485       485       485       485       485       545       545       485       485
read.s  to L2         489       497       484       484       489       501       484       484       490       518       484       484       585       544       484       484
exclu.s to L2           0         0         0         0         0         0         0         0         0         0         0         0         0         0         0         0
[Dir 14  ]
MemReads       6268
MemWrites      7869
MemFootPrint   11489
req.s from L2        1721      1695      1696      1696      1695      1696      1696      1696      1695      1696      1696      1696      1696      1815      1816      1696
WB.s  from L2           0         0         0         0         0         0         0         0         0         1         0         0         0         0         0         0
inv.s from L2           8         0         0         0         0         0         0         0         0         0         0         0         0         0         0         1
inv.s   to L2         484       484       484       484       484       484       484       484       484       484       484       484       484       544       544       484
read.s  to L2         489       497       514       484       488       484       515       485       487       495       536       484       484       551       544       507
exclu.s to L2           0         0         0         0         0         0         0         0         0         0         0         0         0         0         0         0
[Dir 15  ]
MemReads       6263
MemWrites      7869
MemFootPrint   11483
req.s from L2        1712      1695      1695      1696      1696      1696      1695      1696      1695      1696      1695      1695      1697      1696      1815      1816
WB.s  from L2           0         0         0         0         0         0         0         0         0         1         0         0         0         0         0         0
inv.s from L2           7         0         0         0         0         0         0         0         0         0         0         0         0         0         0         1
inv.s   to L2         484       484       484       484       484       484       484       484       484       484       484       484       484       484       544       544
read.s  to L2         488       492       496       499       485       484       494       512       484       484       505       515       489       490       576       546
exclu.s to L2           0         0         0         0         0         0         0         0         0         0         0         0         0         0         0         0
